region_C
t,x,y,luma
0.000,82.47,-157.2,90.0
0.033,82.47,-157.2,80.4
0.067,82.47,-157.2,74.9
0.100,82.47,-157.2,80.6
0.133,82.47,-157.2,88.5
0.167,82.47,-157.2,140.6
0.200,82.47,-157.2,172.3
0.233,82.47,-157.2,196.2
0.267,82.47,-157.2,193.0
0.300,82.47,-157.2,204.7
0.333,82.47,-157.2,196.0
0.367,82.47,-157.2,201.0
0.400,82.47,-157.2,188.9
0.433,82.47,-157.2,192.7
0.467,82.47,-157.2,131.1
0.500,82.47,-157.2,85.3
0.533,82.47,-157.2,75.3
0.567,82.47,-157.2,80.1
0.600,82.47,-157.2,75.3
0.633,82.47,-157.2,94.3
0.667,82.47,-157.2,142.3
0.700,82.47,-157.2,187.3
0.733,82.47,-157.2,185.3
0.767,82.47,-157.2,196.1
0.800,82.47,-157.2,186.6
0.833,82.47,-157.2,186.1
0.867,82.47,-157.2,144.2
0.900,82.47,-157.2,90.8
0.933,82.47,-157.2,75.5
0.967,82.47,-157.2,80.8
1.000,82.47,-157.2,76.8
1.033,82.47,-157.2,101.9
1.067,82.47,-157.2,139.1
1.100,82.47,-157.2,182.1
1.133,82.47,-157.2,182.8
1.167,82.47,-157.2,196.9
1.200,82.47,-157.2,192.1
1.233,82.47,-157.2,202.5
1.267,82.47,-157.2,191.3
1.300,82.47,-157.2,195.6
1.333,82.47,-157.2,174.3
1.367,82.47,-157.2,127.7
1.400,82.47,-157.2,77.0
1.433,82.47,-157.2,80.7
1.467,82.47,-157.2,75.2
1.500,82.47,-157.2,81.1
1.533,82.47,-157.2,98.9
1.567,82.47,-157.2,169.2
1.600,82.47,-157.2,181.0
1.633,82.47,-157.2,198.5
1.667,82.47,-157.2,192.2
1.700,82.47,-157.2,192.5
1.733,82.47,-157.2,169.1
1.767,82.47,-157.2,122.2
1.800,82.47,-157.2,75.6
1.833,82.47,-157.2,80.2
1.867,82.47,-157.2,75.3
1.900,82.47,-157.2,85.4
1.933,82.47,-157.2,113.6
1.967,82.47,-157.2,174.4
2.000,82.47,-157.2,181.6
2.033,82.47,-157.2,198.7
2.067,82.47,-157.2,193.0
2.100,82.47,-157.2,201.5
2.133,82.47,-157.2,191.9
2.167,82.47,-157.2,195.3
2.200,82.47,-157.2,184.5
2.233,82.47,-157.2,159.4
2.267,82.47,-157.2,89.3
2.300,82.47,-157.2,80.3
2.333,82.47,-157.2,75.6
2.367,82.47,-157.2,81.1
2.400,82.47,-157.2,79.4
2.433,82.47,-157.2,131.2
2.467,82.47,-157.2,169.1
2.500,82.47,-157.2,192.8
2.533,82.47,-157.2,189.9
2.567,82.47,-157.2,197.4
2.600,82.47,-157.2,180.4
2.633,82.47,-157.2,164.5
2.667,82.47,-157.2,90.1
2.700,82.47,-157.2,80.2
2.733,82.47,-157.2,75.7
2.767,82.47,-157.2,80.8
2.800,82.47,-157.2,91.0
2.833,82.47,-157.2,144.7
2.867,82.47,-157.2,172.2
2.900,82.47,-157.2,192.7
2.933,82.47,-157.2,190.1
2.967,82.47,-157.2,201.7
3.000,82.47,-157.2,194.2
3.033,82.47,-157.2,199.9
3.067,82.47,-157.2,187.2
3.100,82.47,-157.2,188.4
3.133,82.47,-157.2,126.8
3.167,82.47,-157.2,82.9
3.200,82.47,-157.2,76.6
3.233,82.47,-157.2,80.7
3.267,82.47,-157.2,76.5
3.300,82.47,-157.2,96.3
3.333,82.47,-157.2,148.6
3.367,82.47,-157.2,184.7
3.400,82.47,-157.2,186.8
3.433,82.47,-157.2,186.8
3.467,82.47,-157.2,197.1
3.500,82.47,-157.2,184.7
3.533,82.47,-157.2,182.6
3.567,82.47,-157.2,130.9
3.600,82.47,-157.2,85.3
3.633,82.47,-157.2,76.4
3.667,82.47,-157.2,80.6
3.700,82.47,-157.2,76.4
3.733,82.47,-157.2,108.0
3.767,82.47,-157.2,149.9
3.800,82.47,-157.2,187.5
3.833,82.47,-157.2,186.8
3.867,82.47,-157.2,200.2
3.900,82.47,-157.2,193.1
3.933,82.47,-157.2,199.4
3.967,82.47,-157.2,187.7
4.000,82.47,-157.2,190.8
4.033,82.47,-157.2,162.7
4.067,82.47,-157.2,109.0
4.100,82.47,-157.2,77.8
4.133,82.47,-157.2,81.1
4.167,82.47,-157.2,76.9
4.200,82.47,-157.2,81.7
4.233,82.47,-157.2,116.3
4.267,82.47,-157.2,175.4
4.300,82.47,-157.2,179.7
4.333,82.47,-157.2,197.3
4.367,82.47,-157.2,189.3
4.400,82.47,-157.2,192.9
4.433,82.47,-157.2,160.2
4.467,82.47,-157.2,107.5
4.500,82.47,-157.2,77.6
4.533,82.47,-157.2,80.9
4.567,82.47,-157.2,77.2
4.600,82.47,-157.2,91.5
4.633,82.47,-157.2,122.2
4.667,82.47,-157.2,176.4
4.700,82.47,-157.2,183.2
4.733,82.47,-157.2,199.0
4.767,82.47,-157.2,192.5
4.800,82.47,-157.2,197.5
4.833,82.47,-157.2,191.0
4.867,82.47,-157.2,196.8
4.900,82.47,-157.2,185.7
4.933,82.47,-157.2,143.4
4.967,82.47,-157.2,83.8
5.000,82.47,-157.2,81.4
5.033,82.47,-157.2,76.5
5.067,82.47,-157.2,80.3
5.100,82.47,-157.2,87.5
5.133,82.47,-157.2,150.9
5.167,82.47,-157.2,174.0
5.200,82.47,-157.2,193.2
5.233,82.47,-157.2,188.9
5.267,82.47,-157.2,193.6
5.300,82.47,-157.2,176.7
5.333,82.47,-157.2,142.0
5.367,82.47,-157.2,81.6
5.400,82.47,-157.2,80.8
5.433,82.47,-157.2,77.3
5.467,82.47,-157.2,82.4
5.500,82.47,-157.2,99.7
5.533,82.47,-157.2,157.5
5.567,82.47,-157.2,179.9
5.600,82.47,-157.2,194.5
5.633,82.47,-157.2,188.7
5.667,82.47,-157.2,197.4
5.700,82.47,-157.2,190.2
5.733,82.47,-157.2,195.9
5.767,82.47,-157.2,185.6
5.800,82.47,-157.2,168.7
5.833,82.47,-157.2,94.6
5.867,82.47,-157.2,81.8
5.900,82.47,-157.2,77.0
5.933,82.47,-157.2,80.5
5.967,82.47,-157.2,82.2
6.000,82.47,-157.2,134.8
6.033,82.47,-157.2,172.7
6.067,82.47,-157.2,192.1
6.100,82.47,-157.2,189.9
6.133,82.47,-157.2,197.0
6.167,82.47,-157.2,180.9
6.200,82.47,-157.2,151.7
6.233,82.47,-157.2,84.6
6.267,82.47,-157.2,80.9
6.300,82.47,-157.2,76.7
6.333,82.47,-157.2,81.7
6.367,82.47,-157.2,101.5
6.400,82.47,-157.2,155.0
6.433,82.47,-157.2,172.8
6.467,82.47,-157.2,191.2
6.500,82.47,-157.2,191.8
6.533,82.47,-157.2,201.4
6.567,82.47,-157.2,194.6
6.600,82.47,-157.2,197.2
6.633,82.47,-157.2,185.9
6.667,82.47,-157.2,162.3
6.700,82.47,-157.2,90.6
6.733,82.47,-157.2,80.5
6.767,82.47,-157.2,76.4
6.800,82.47,-157.2,81.0
6.833,82.47,-157.2,82.4
6.867,82.47,-157.2,137.0
6.900,82.47,-157.2,172.0
6.933,82.47,-157.2,191.3
6.967,82.47,-157.2,190.5
7.000,82.47,-157.2,196.4
7.033,82.47,-157.2,182.5
7.067,82.47,-157.2,156.6
7.100,82.47,-157.2,88.6
7.133,82.47,-157.2,81.6
7.167,82.47,-157.2,77.4
7.200,82.47,-157.2,81.7
7.233,82.47,-157.2,95.3
7.267,82.47,-157.2,146.6
7.300,82.47,-157.2,172.2
7.333,82.47,-157.2,191.5
7.367,82.47,-157.2,190.5
7.400,82.47,-157.2,198.3
7.433,82.47,-157.2,190.5
7.467,82.47,-157.2,195.0
7.500,82.47,-157.2,185.3
7.533,82.47,-157.2,181.1
7.567,82.47,-157.2,116.1
7.600,82.47,-157.2,82.0
7.633,82.47,-157.2,78.6
7.667,82.47,-157.2,82.4
7.700,82.47,-157.2,79.4
7.733,82.47,-157.2,113.5
7.767,82.47,-157.2,166.4
7.800,82.47,-157.2,188.5
7.833,82.47,-157.2,185.9
7.867,82.47,-157.2,192.0
7.900,82.47,-157.2,184.4
7.933,82.47,-157.2,174.0
7.967,82.47,-157.2,105.0
8.000,82.47,-157.2,83.9
8.033,82.47,-157.2,78.3
8.067,82.47,-157.2,81.8
8.100,82.47,-157.2,87.2
8.133,82.47,-157.2,131.8
8.167,82.47,-157.2,166.9
8.200,82.47,-157.2,187.0
8.233,82.47,-157.2,187.1
8.267,82.47,-157.2,197.4
8.300,82.47,-157.2,193.2
8.333,82.47,-157.2,196.8
8.367,82.47,-157.2,188.8
8.400,82.47,-157.2,189.8
8.433,82.47,-157.2,131.9
8.467,82.47,-157.2,87.8
8.500,82.47,-157.2,80.2
8.533,82.47,-157.2,81.8
8.567,82.47,-157.2,79.5
8.600,82.47,-157.2,95.2
8.633,82.47,-157.2,146.1
8.667,82.47,-157.2,183.1
8.700,82.47,-157.2,187.9
8.733,82.47,-157.2,195.0
8.767,82.47,-157.2,187.4
8.800,82.47,-157.2,185.1
8.833,82.47,-157.2,130.8
8.867,82.47,-157.2,86.8
8.900,82.47,-157.2,80.6
8.933,82.47,-157.2,82.2
8.967,82.47,-157.2,81.2
9.000,82.47,-157.2,106.8
9.033,82.47,-157.2,148.6
9.067,82.47,-157.2,179.8
9.100,82.47,-157.2,183.3
9.133,82.47,-157.2,196.8
9.167,82.47,-157.2,193.3
9.200,82.47,-157.2,196.6
9.233,82.47,-157.2,189.6
9.267,82.47,-157.2,190.3
9.300,82.47,-157.2,160.5
9.333,82.47,-157.2,105.8
9.367,82.47,-157.2,78.8
9.400,82.47,-157.2,82.0
9.433,82.47,-157.2,78.1
9.467,82.47,-157.2,83.7
9.500,82.47,-157.2,116.4
9.533,82.47,-157.2,177.3
9.567,82.47,-157.2,181.8
9.600,82.47,-157.2,192.5
9.633,82.47,-157.2,192.0
9.667,82.47,-157.2,191.8
9.700,82.47,-157.2,165.5
9.733,82.47,-157.2,104.4
9.767,82.47,-157.2,77.1
9.800,82.47,-157.2,80.6
9.833,82.47,-157.2,78.4
9.867,82.47,-157.2,90.2
9.900,82.47,-157.2,125.9
9.933,82.47,-157.2,172.9
9.967,82.47,-157.2,181.4
10.000,82.47,-157.2,195.5
10.033,82.47,-157.2,193.6
10.067,82.47,-157.2,198.5
10.100,82.47,-157.2,192.3
10.133,82.47,-157.2,191.1
10.167,82.47,-157.2,185.0
10.200,82.47,-157.2,151.0
10.233,82.47,-157.2,87.9
10.267,82.47,-157.2,81.0
10.300,82.47,-157.2,78.5
10.333,82.47,-157.2,80.3
10.367,82.47,-157.2,84.6
10.400,82.47,-157.2,136.2
10.433,82.47,-157.2,174.6
10.467,82.47,-157.2,192.9
10.500,82.47,-157.2,192.8
10.533,82.47,-157.2,194.7
10.567,82.47,-157.2,181.6
10.600,82.47,-157.2,155.3
10.633,82.47,-157.2,88.2
10.667,82.47,-157.2,80.3
10.700,82.47,-157.2,77.3
10.733,82.47,-157.2,81.4
10.767,82.47,-157.2,96.4
10.800,82.47,-157.2,149.7
10.833,82.47,-157.2,176.5
10.867,82.47,-157.2,188.7
10.900,82.47,-157.2,189.2
10.933,82.47,-157.2,198.6
10.967,82.47,-157.2,194.3
11.000,82.47,-157.2,195.7
11.033,82.47,-157.2,187.6
11.067,82.47,-157.2,181.3
11.100,82.47,-157.2,111.9
11.133,82.47,-157.2,80.4
11.167,82.47,-157.2,78.2
11.200,82.47,-157.2,81.3
11.233,82.47,-157.2,78.7
11.267,82.47,-157.2,107.6
11.300,82.47,-157.2,163.7
11.333,82.47,-157.2,187.6
11.367,82.47,-157.2,190.0
11.400,82.47,-157.2,195.1
11.433,82.47,-157.2,186.0
11.467,82.47,-157.2,173.8
11.500,82.47,-157.2,110.0
11.533,82.47,-157.2,81.1
11.567,82.47,-157.2,77.4
11.600,82.47,-157.2,80.6
11.633,82.47,-157.2,83.0
11.667,82.47,-157.2,119.2
11.700,82.47,-157.2,163.9
11.733,82.47,-157.2,185.3
11.767,82.47,-157.2,187.3
11.800,82.47,-157.2,196.2
11.833,82.47,-157.2,193.9
11.867,82.47,-157.2,197.2
11.900,82.47,-157.2,191.4
11.933,82.47,-157.2,189.5
11.967,82.47,-157.2,147.4
12.000,82.47,-157.2,94.1
12.033,82.47,-157.2,78.5
12.067,82.47,-157.2,80.6
12.100,82.47,-157.2,77.9
12.133,82.47,-157.2,85.8
12.167,82.47,-157.2,131.0
12.200,82.47,-157.2,181.0
12.233,82.47,-157.2,186.0
12.267,82.47,-157.2,192.3
12.300,82.47,-157.2,189.4
12.333,82.47,-157.2,187.5
12.367,82.47,-157.2,152.2
12.400,82.47,-157.2,93.9
12.433,82.47,-157.2,77.3
12.467,82.47,-157.2,79.6
12.500,82.47,-157.2,79.3
12.533,82.47,-157.2,95.9
12.567,82.47,-157.2,138.4
12.600,82.47,-157.2,179.8
12.633,82.47,-157.2,183.7
12.667,82.47,-157.2,195.4
12.700,82.47,-157.2,195.3
12.733,82.47,-157.2,200.4
12.767,82.47,-157.2,193.4
12.800,82.47,-157.2,191.6
12.833,82.47,-157.2,178.3
12.867,82.47,-157.2,130.9
12.900,82.47,-157.2,80.3
12.933,82.47,-157.2,80.4
12.967,82.47,-157.2,79.1
13.000,82.47,-157.2,79.6
13.033,82.47,-157.2,98.7
13.067,82.47,-157.2,159.8
13.100,82.47,-157.2,180.6
13.133,82.47,-157.2,193.9
13.167,82.47,-157.2,191.9
13.200,82.47,-157.2,191.2
13.233,82.47,-157.2,171.6
13.267,82.47,-157.2,120.9
13.300,82.47,-157.2,79.3
13.333,82.47,-157.2,80.2
13.367,82.47,-157.2,79.0
13.400,82.47,-157.2,85.0
13.433,82.47,-157.2,116.0
13.467,82.47,-157.2,167.6
13.500,82.47,-157.2,181.6
13.533,82.47,-157.2,194.3
13.567,82.47,-157.2,197.1
13.600,82.47,-157.2,200.9
13.633,82.47,-157.2,195.2
13.667,82.47,-157.2,194.6
13.700,82.47,-157.2,190.0
13.733,82.47,-157.2,154.0
13.767,82.47,-157.2,89.5
13.800,82.47,-157.2,80.5
13.833,82.47,-157.2,79.0
13.867,82.47,-157.2,80.4
13.900,82.47,-157.2,83.7
13.933,82.47,-157.2,130.3
13.967,82.47,-157.2,173.1
14.000,82.47,-157.2,189.1
14.033,82.47,-157.2,191.2
14.067,82.47,-157.2,196.5
14.100,82.47,-157.2,184.8
14.133,82.47,-157.2,161.2
14.167,82.47,-157.2,91.9
14.200,82.47,-157.2,80.3
14.233,82.47,-157.2,78.7
14.267,82.47,-157.2,80.5
14.300,82.47,-157.2,92.4
14.333,82.47,-157.2,134.8
14.367,82.47,-157.2,170.1
14.400,82.47,-157.2,185.8
14.433,82.47,-157.2,190.1
14.467,82.47,-157.2,197.4
14.500,82.47,-157.2,197.3
14.533,82.47,-157.2,199.8
14.567,82.47,-157.2,193.0
14.600,82.47,-157.2,187.4
14.633,82.47,-157.2,130.2
14.667,82.47,-157.2,84.5
14.700,82.47,-157.2,79.2
14.733,82.47,-157.2,80.5
14.767,82.47,-157.2,79.9
14.800,82.47,-157.2,93.3
14.833,82.47,-157.2,149.3
14.867,82.47,-157.2,180.6
14.900,82.47,-157.2,187.5
14.933,82.47,-157.2,192.8
14.967,82.47,-157.2,190.1
15.000,82.47,-157.2,184.3
15.033,82.47,-157.2,132.2
15.067,82.47,-157.2,85.0
15.100,82.47,-157.2,79.8
15.133,82.47,-157.2,80.5
15.167,82.47,-157.2,81.2
15.200,82.47,-157.2,104.4
15.233,82.47,-157.2,152.8
15.267,82.47,-157.2,182.5
15.300,82.47,-157.2,187.8
15.333,82.47,-157.2,196.0
15.367,82.47,-157.2,196.5
15.400,82.47,-157.2,199.7
15.433,82.47,-157.2,193.6
15.467,82.47,-157.2,191.7
15.500,82.47,-157.2,174.7
15.533,82.47,-157.2,119.1
15.567,82.47,-157.2,80.3
15.600,82.47,-157.2,80.7
15.633,82.47,-157.2,79.4
15.667,82.47,-157.2,80.7
15.700,82.47,-157.2,99.0
15.733,82.47,-157.2,156.5
15.767,82.47,-157.2,178.3
15.800,82.47,-157.2,190.8
15.833,82.47,-157.2,192.2
15.867,82.47,-157.2,192.2
15.900,82.47,-157.2,179.8
15.933,82.47,-157.2,131.9
15.967,82.47,-157.2,82.2
16.000,82.47,-157.2,80.0
16.033,82.47,-157.2,79.4
16.067,82.47,-157.2,81.9
16.100,82.47,-157.2,102.8
16.133,82.47,-157.2,148.6
16.167,82.47,-157.2,178.0
16.200,82.47,-157.2,190.9
16.233,82.47,-157.2,194.4
16.267,82.47,-157.2,200.8
16.300,82.47,-157.2,199.4
16.333,82.47,-157.2,197.2
16.367,82.47,-157.2,193.3
16.400,82.47,-157.2,185.1
16.433,82.47,-157.2,126.7
16.467,82.47,-157.2,81.8
16.500,82.47,-157.2,80.4
16.533,82.47,-157.2,81.3
16.567,82.47,-157.2,80.8
16.600,82.47,-157.2,93.4
16.633,82.47,-157.2,151.5
16.667,82.47,-157.2,183.8
16.700,82.47,-157.2,191.6
16.733,82.47,-157.2,197.6
16.767,82.47,-157.2,195.8
16.800,82.47,-157.2,184.5
16.833,82.47,-157.2,132.2
16.867,82.47,-157.2,85.5
16.900,82.47,-157.2,81.7
16.933,82.47,-157.2,82.2
16.967,82.47,-157.2,82.5
17.000,82.47,-157.2,105.4
17.033,82.47,-157.2,154.3
17.067,82.47,-157.2,181.5
17.100,82.47,-157.2,188.3
17.133,82.47,-157.2,194.4
17.167,82.47,-157.2,196.4
17.200,82.47,-157.2,199.4
17.233,82.47,-157.2,196.6
17.267,82.47,-157.2,192.8
17.300,82.47,-157.2,166.9
17.333,82.47,-157.2,111.7
17.367,82.47,-157.2,83.5
17.400,82.47,-157.2,82.0
17.433,82.47,-157.2,82.6
17.467,82.47,-157.2,82.5
17.500,82.47,-157.2,107.8
17.533,82.47,-157.2,168.4
17.567,82.47,-157.2,183.7
17.600,82.47,-157.2,193.5
17.633,82.47,-157.2,193.4
17.667,82.47,-157.2,192.0
17.700,82.47,-157.2,173.4
17.733,82.47,-157.2,117.7
17.767,82.47,-157.2,82.5
17.800,82.47,-157.2,81.5
17.833,82.47,-157.2,80.9
17.867,82.47,-157.2,84.5
17.900,82.47,-157.2,116.0
17.933,82.47,-157.2,165.2
17.967,82.47,-157.2,181.2
18.000,82.47,-157.2,193.4
18.033,82.47,-157.2,195.9
18.067,82.47,-157.2,198.5
18.100,82.47,-157.2,196.3
18.133,82.47,-157.2,197.0
18.167,82.47,-157.2,197.3
18.200,82.47,-157.2,167.3
18.233,82.47,-157.2,97.3
18.267,82.47,-157.2,81.2
18.300,82.47,-157.2,81.9
18.333,82.47,-157.2,80.9
18.367,82.47,-157.2,82.0
18.400,82.47,-157.2,116.0
18.433,82.47,-157.2,170.9
18.467,82.47,-157.2,187.5
18.500,82.47,-157.2,195.9
18.533,82.47,-157.2,199.5
18.567,82.47,-157.2,195.5
18.600,82.47,-157.2,170.0
18.633,82.47,-157.2,102.6
18.667,82.47,-157.2,81.1
18.700,82.47,-157.2,80.9
18.733,82.47,-157.2,80.6
18.767,82.47,-157.2,89.1
18.800,82.47,-157.2,126.2
18.833,82.47,-157.2,173.4
18.867,82.47,-157.2,187.5
18.900,82.47,-157.2,192.7
18.933,82.47,-157.2,195.9
18.967,82.47,-157.2,196.9
19.000,82.47,-157.2,196.1
19.033,82.47,-157.2,193.5
19.067,82.47,-157.2,187.2
19.100,82.47,-157.2,144.1
19.133,82.47,-157.2,86.3
19.167,82.47,-157.2,81.0
19.200,82.47,-157.2,81.2
19.233,82.47,-157.2,81.8
19.267,82.47,-157.2,85.8
19.300,82.47,-157.2,131.6
19.333,82.47,-157.2,178.5
19.367,82.47,-157.2,191.2
19.400,82.47,-157.2,196.3
19.433,82.47,-157.2,195.9
19.467,82.47,-157.2,190.0
19.500,82.47,-157.2,162.5
19.533,82.47,-157.2,99.3
19.567,82.47,-157.2,81.0
19.600,82.47,-157.2,81.1
19.633,82.47,-157.2,81.1
19.667,82.47,-157.2,130.4
19.767,82.47,-157.2,173.4
19.800,82.47,-157.2,186.1
19.833,82.47,-157.2,192.1
19.867,82.47,-157.2,195.4
19.900,82.47,-157.2,197.9
19.933,82.47,-157.2,197.7
19.967,82.47,-157.2,195.2
20.000,82.47,-157.2,188.4
20.033,82.47,-157.2,148.0
20.067,82.47,-157.2,92.5
20.100,82.47,-157.2,80.5
20.133,82.47,-157.2,80.8
20.167,82.47,-157.2,80.3
20.200,82.47,-157.2,84.4
20.233,82.47,-157.2,123.1
20.267,82.47,-157.2,174.7
20.300,82.47,-157.2,188.1
20.333,82.47,-157.2,194.8
20.367,82.47,-157.2,195.2
20.400,82.47,-157.2,191.1
20.433,82.47,-157.2,168.2
20.467,82.47,-157.2,103.2
20.500,82.47,-157.2,80.5
20.533,82.47,-157.2,80.3
20.567,82.47,-157.2,79.9
20.600,82.47,-157.2,87.6
20.633,82.47,-157.2,118.4
20.667,82.47,-157.2,167.9
20.700,82.47,-157.2,184.8
20.733,82.47,-157.2,192.7
20.767,82.47,-157.2,197.7
20.800,82.47,-157.2,200.2
20.833,82.47,-157.2,199.4
20.867,82.47,-157.2,196.8
20.900,82.47,-157.2,192.8
20.933,82.47,-157.2,154.9
20.967,82.47,-157.2,96.3
21.000,82.47,-157.2,82.2
21.033,82.47,-157.2,80.6
21.067,82.47,-157.2,82.6
21.100,82.47,-157.2,82.2
21.133,82.47,-157.2,119.9
21.167,82.47,-157.2,169.5
21.200,82.47,-157.2,187.2
21.233,82.47,-157.2,194.1
21.267,82.47,-157.2,197.5
21.300,82.47,-157.2,193.9
21.333,82.47,-157.2,169.3
21.367,82.47,-157.2,107.2
21.400,82.47,-157.2,82.4
21.433,82.47,-157.2,80.0
21.467,82.47,-157.2,82.3
21.500,82.47,-157.2,87.0
21.533,82.47,-157.2,125.7
21.567,82.47,-157.2,171.2
21.600,82.47,-157.2,188.0
21.633,82.47,-157.2,193.2
21.667,82.47,-157.2,199.0
21.700,82.47,-157.2,196.7
21.733,82.47,-157.2,198.7
21.767,82.47,-157.2,195.8
21.800,82.47,-157.2,188.4
21.833,82.47,-157.2,150.3
21.867,82.47,-157.2,92.8
21.900,82.47,-157.2,80.4
21.933,82.47,-157.2,81.4
21.967,82.47,-157.2,80.5
22.000,82.47,-157.2,85.7
22.033,82.47,-157.2,127.1
22.067,82.47,-157.2,178.7
22.100,82.47,-157.2,188.0
22.133,82.47,-157.2,195.9
22.167,82.47,-157.2,195.4
22.200,82.47,-157.2,189.7
22.233,82.47,-157.2,166.4
22.267,82.47,-157.2,104.5
22.300,82.47,-157.2,80.8
22.333,82.47,-157.2,82.8
22.367,82.47,-157.2,80.8
22.400,82.47,-157.2,91.5
22.433,82.47,-157.2,127.1
22.467,82.47,-157.2,176.3
22.500,82.47,-157.2,184.9
22.533,82.47,-157.2,193.6
22.567,82.47,-157.2,196.6
22.600,82.47,-157.2,200.6
22.633,82.47,-157.2,197.5
22.667,82.47,-157.2,194.3
22.700,82.47,-157.2,184.4
22.733,82.47,-157.2,139.6
22.767,82.47,-157.2,86.5
22.800,82.47,-157.2,83.9
22.833,82.47,-157.2,80.2
22.867,82.47,-157.2,82.3
22.900,82.47,-157.2,87.0
22.933,82.47,-157.2,135.1
22.967,82.47,-157.2,173.7
23.000,82.47,-157.2,188.6
23.033,82.47,-157.2,194.8
23.067,82.47,-157.2,199.2
23.100,82.47,-157.2,190.8
23.133,82.47,-157.2,156.6
23.167,82.47,-157.2,96.3
23.200,82.47,-157.2,82.6
23.233,82.47,-157.2,79.3
23.267,82.47,-157.2,82.7
23.300,82.47,-157.2,89.3
23.333,82.47,-157.2,130.0
23.367,82.47,-157.2,169.2
23.400,82.47,-157.2,188.5
23.433,82.47,-157.2,194.2
23.467,82.47,-157.2,197.5
23.500,82.47,-157.2,195.3
23.533,82.47,-157.2,196.1
23.567,82.47,-157.2,193.3
23.600,82.47,-157.2,182.4
23.633,82.47,-157.2,131.0
23.667,82.47,-157.2,87.9
23.700,82.47,-157.2,80.7
23.733,82.47,-157.2,83.4
23.767,82.47,-157.2,81.6
23.800,82.47,-157.2,90.8
23.833,82.47,-157.2,136.0
23.867,82.47,-157.2,182.4
23.900,82.47,-157.2,189.5
23.933,82.47,-157.2,197.0
23.967,82.47,-157.2,194.3
24.000,82.47,-157.2,188.4
24.033,82.47,-157.2,143.8
24.067,82.47,-157.2,89.4
24.100,82.47,-157.2,80.9
24.133,82.47,-157.2,83.3
24.167,82.47,-157.2,82.3
24.200,82.47,-157.2,100.9
24.233,82.47,-157.2,139.5
24.267,82.47,-157.2,177.3
24.300,82.47,-157.2,186.4
24.333,82.47,-157.2,196.7
24.367,82.47,-157.2,195.9
24.400,82.47,-157.2,197.9
24.433,82.47,-157.2,193.6
24.467,82.47,-157.2,193.3
24.500,82.47,-157.2,169.5
24.533,82.47,-157.2,113.8
24.567,82.47,-157.2,80.8
24.600,82.47,-157.2,82.3
24.633,82.47,-157.2,80.3
24.667,82.47,-157.2,82.6
24.700,82.47,-157.2,106.3
24.733,82.47,-157.2,167.9
24.767,82.47,-157.2,180.8
24.800,82.47,-157.2,193.9
24.833,82.47,-157.2,194.7
24.867,82.47,-157.2,194.3
24.900,82.47,-157.2,176.8
24.933,82.47,-157.2,122.4
24.967,82.47,-157.2,81.1
25.000,82.47,-157.2,82.4
25.033,82.47,-157.2,79.4
25.067,82.47,-157.2,85.9
25.100,82.47,-157.2,107.9
25.133,82.47,-157.2,157.9
25.167,82.47,-157.2,179.3
25.200,82.47,-157.2,190.7
25.233,82.47,-157.2,194.0
25.267,82.47,-157.2,200.3
25.300,82.47,-157.2,198.0
25.333,82.47,-157.2,196.3
25.367,82.47,-157.2,193.3
25.400,82.47,-157.2,169.6
25.433,82.47,-157.2,106.1
25.467,82.47,-157.2,83.6
25.500,82.47,-157.2,79.3
25.533,82.47,-157.2,83.2
25.567,82.47,-157.2,80.6
25.600,82.47,-157.2,109.0
25.633,82.47,-157.2,160.7
25.667,82.47,-157.2,182.8
25.700,82.47,-157.2,188.8
25.733,82.47,-157.2,194.4
25.767,82.47,-157.2,188.3
25.800,82.47,-157.2,180.6
25.833,82.47,-157.2,119.7
25.867,82.47,-157.2,85.2
25.900,82.47,-157.2,79.9
25.933,82.47,-157.2,83.5
25.967,82.47,-157.2,83.4
26.000,82.47,-157.2,112.1
26.033,82.47,-157.2,152.6
26.067,82.47,-157.2,179.9
26.100,82.47,-157.2,184.3
26.133,82.47,-157.2,195.8
26.167,82.47,-157.2,194.5
26.200,82.47,-157.2,199.0
26.233,82.47,-157.2,194.0
26.267,82.47,-157.2,193.9
26.300,82.47,-157.2,163.7
26.333,82.47,-157.2,106.6
26.367,82.47,-157.2,81.0
26.400,82.47,-157.2,83.4
26.433,82.47,-157.2,79.7
26.467,82.47,-157.2,83.8
26.500,82.47,-157.2,107.9
26.533,82.47,-157.2,170.0
26.567,82.47,-157.2,183.8
26.600,82.47,-157.2,195.4
26.633,82.47,-157.2,191.7
26.667,82.47,-157.2,190.3
26.700,82.47,-157.2,165.1
26.733,82.47,-157.2,114.5
26.767,82.47,-157.2,81.3
26.800,82.47,-157.2,83.2
26.833,82.47,-157.2,79.5
26.867,82.47,-157.2,87.2
26.900,82.47,-157.2,112.9
26.933,82.47,-157.2,166.5
26.967,82.47,-157.2,179.3
27.000,82.47,-157.2,193.9
27.033,82.47,-157.2,193.1
27.067,82.47,-157.2,199.3
27.100,82.47,-157.2,193.5
27.133,82.47,-157.2,197.0
27.167,82.47,-157.2,188.3
27.200,82.47,-157.2,148.9
27.233,82.47,-157.2,88.1
27.267,82.47,-157.2,82.7
27.300,82.47,-157.2,79.7
27.333,82.47,-157.2,82.7
27.367,82.47,-157.2,84.1
27.400,82.47,-157.2,135.5
27.433,82.47,-157.2,167.4
27.467,82.47,-157.2,187.0
27.500,82.47,-157.2,189.4
27.533,82.47,-157.2,196.3
27.567,82.47,-157.2,185.4
27.600,82.47,-157.2,150.4
27.633,82.47,-157.2,85.2
27.667,82.47,-157.2,81.8
27.700,82.47,-157.2,77.9
27.733,82.47,-157.2,82.1
27.767,82.47,-157.2,98.5
27.800,82.47,-157.2,153.0
27.833,82.47,-157.2,175.2
27.867,82.47,-157.2,191.4
27.900,82.47,-157.2,194.1
27.933,82.47,-157.2,201.7
27.967,82.47,-157.2,197.4
28.000,82.47,-157.2,199.2
28.033,82.47,-157.2,190.8
28.067,82.47,-157.2,169.4
28.100,82.47,-157.2,101.5
28.133,82.47,-157.2,82.6
28.167,82.47,-157.2,77.1
28.200,82.47,-157.2,81.1
28.233,82.47,-157.2,78.4
28.267,82.47,-157.2,117.2
28.300,82.47,-157.2,164.6
28.333,82.47,-157.2,188.1
28.367,82.47,-157.2,188.2
28.400,82.47,-157.2,194.5
28.433,82.47,-157.2,187.5
28.467,82.47,-157.2,176.6
28.500,82.47,-157.2,106.3
28.533,82.47,-157.2,82.6
28.567,82.47,-157.2,77.1
28.600,82.47,-157.2,81.6
28.633,82.47,-157.2,83.1
28.667,82.47,-157.2,122.5
28.700,82.47,-157.2,165.0
28.733,82.47,-157.2,188.2
28.767,82.47,-157.2,190.3
28.800,82.47,-157.2,196.2
28.833,82.47,-157.2,192.3
28.867,82.47,-157.2,197.8
28.900,82.47,-157.2,192.4
28.933,82.47,-157.2,192.4
28.967,82.47,-157.2,159.6
29.000,82.47,-157.2,102.2
29.033,82.47,-157.2,79.2
29.067,82.47,-157.2,82.9
29.100,82.47,-157.2,78.2
29.133,82.47,-157.2,83.8
29.167,82.47,-157.2,110.0
29.200,82.47,-157.2,170.1
29.233,82.47,-157.2,178.6
29.267,82.47,-157.2,192.8
29.300,82.47,-157.2,187.4
29.333,82.47,-157.2,190.9
29.367,82.47,-157.2,163.3
29.400,82.47,-157.2,107.9
29.433,82.47,-157.2,78.1
29.467,82.47,-157.2,81.9
29.500,82.47,-157.2,78.3
29.533,82.47,-157.2,87.1
29.567,82.47,-157.2,115.1
29.600,82.47,-157.2,171.5
29.633,82.47,-157.2,179.8
29.667,82.47,-157.2,193.7
29.700,82.47,-157.2,194.0
29.733,82.47,-157.2,200.2
29.767,82.47,-157.2,192.4
29.800,82.47,-157.2,196.8
29.833,82.47,-157.2,192.3
29.867,82.47,-157.2,158.0
29.900,82.47,-157.2,89.4
29.933,82.47,-157.2,82.2
29.967,82.47,-157.2,77.7
30.000,82.47,-157.2,82.7
30.033,82.47,-157.2,81.4
30.067,82.47,-157.2,135.2
30.100,82.47,-157.2,171.4
30.133,82.47,-157.2,190.5
30.167,82.47,-157.2,188.7
30.200,82.47,-157.2,195.6
30.233,82.47,-157.2,186.7
30.267,82.47,-157.2,161.9
30.300,82.47,-157.2,90.6
30.333,82.47,-157.2,82.3
30.367,82.47,-157.2,75.6
30.400,82.47,-157.2,82.5
30.433,82.47,-157.2,92.0
30.467,82.47,-157.2,140.7
30.500,82.47,-157.2,168.6
30.533,82.47,-157.2,188.0
30.567,82.47,-157.2,187.6
30.600,82.47,-157.2,198.2
30.633,82.47,-157.2,194.9
30.667,82.47,-157.2,199.9
30.700,82.47,-157.2,191.4
30.733,82.47,-157.2,190.5
30.767,82.47,-157.2,129.2
30.800,82.47,-157.2,85.2
30.833,82.47,-157.2,76.8
30.867,82.47,-157.2,82.8
30.900,82.47,-157.2,77.2
30.933,82.47,-157.2,96.3
30.967,82.47,-157.2,140.8
31.000,82.47,-157.2,184.1
31.033,82.47,-157.2,187.6
31.067,82.47,-157.2,196.9
31.100,82.47,-157.2,187.8
31.133,82.47,-157.2,186.6
31.167,82.47,-157.2,143.4
31.200,82.47,-157.2,87.9
31.233,82.47,-157.2,75.5
31.267,82.47,-157.2,80.7
31.300,82.47,-157.2,76.9
31.333,82.47,-157.2,97.6
31.367,82.47,-157.2,133.3
31.400,82.47,-157.2,176.6
31.433,82.47,-157.2,178.6
31.467,82.47,-157.2,195.0
31.500,82.47,-157.2,192.9
31.533,82.47,-157.2,199.4
31.567,82.47,-157.2,190.4
31.600,82.47,-157.2,194.4
31.633,82.47,-157.2,182.4
31.667,82.47,-157.2,145.7
31.700,82.47,-157.2,84.0
31.733,82.47,-157.2,80.4
31.767,82.47,-157.2,76.2
31.800,82.47,-157.2,82.1
31.833,82.47,-157.2,80.3
31.867,82.47,-157.2,129.1
31.900,82.47,-157.2,166.1
31.933,82.47,-157.2,188.2
31.967,82.47,-157.2,187.4
32.000,82.47,-157.2,197.1
32.033,82.47,-157.2,186.2
32.067,82.47,-157.2,168.7
32.100,82.47,-157.2,96.2
32.133,82.47,-157.2,81.2
32.167,82.47,-157.2,75.6
32.200,82.47,-157.2,82.2
32.233,82.47,-157.2,82.3
32.267,82.47,-157.2,129.8
32.300,82.47,-157.2,167.5
32.333,82.47,-157.2,188.9
32.367,82.47,-157.2,189.1
32.400,82.47,-157.2,199.5
32.433,82.47,-157.2,195.5
32.467,82.47,-157.2,202.0
32.500,82.47,-157.2,191.7
32.533,82.47,-157.2,193.5
32.567,82.47,-157.2,150.9
32.600,82.47,-157.2,97.5
32.633,82.47,-157.2,76.2
32.667,82.47,-157.2,80.6
32.700,82.47,-157.2,76.9
32.733,82.47,-157.2,83.1
32.767,82.47,-157.2,109.4
32.800,82.47,-157.2,172.9
32.833,82.47,-157.2,180.8
32.867,82.47,-157.2,196.2
32.900,82.47,-157.2,191.0
32.933,82.47,-157.2,192.2
32.967,82.47,-157.2,171.3
33.000,82.47,-157.2,114.5
33.033,82.47,-157.2,77.8
33.067,82.47,-157.2,81.9
33.100,82.47,-157.2,76.4
33.133,82.47,-157.2,85.5
33.167,82.47,-157.2,107.7
33.200,82.47,-157.2,165.5
33.233,82.47,-157.2,173.5
33.267,82.47,-157.2,191.7
33.300,82.47,-157.2,188.8
33.333,82.47,-157.2,198.5
33.367,82.47,-157.2,190.8
33.400,82.47,-157.2,196.1
33.433,82.47,-157.2,187.8
33.467,82.47,-157.2,166.0
33.500,82.47,-157.2,96.5
33.533,82.47,-157.2,83.0
33.567,82.47,-157.2,76.8
33.600,82.47,-157.2,82.4
33.633,82.47,-157.2,77.7
33.667,82.47,-157.2,112.9
33.700,82.47,-157.2,165.2
33.733,82.47,-157.2,189.8
33.767,82.47,-157.2,188.3
33.800,82.47,-157.2,196.9
33.833,82.47,-157.2,187.0
33.867,82.47,-157.2,181.3
33.900,82.47,-157.2,116.3
33.933,82.47,-157.2,84.2
33.967,82.47,-157.2,77.4
34.000,82.47,-157.2,83.2
34.033,82.47,-157.2,78.9
34.067,82.47,-157.2,113.5
34.100,82.47,-157.2,152.8
34.133,82.47,-157.2,185.6
34.167,82.47,-157.2,186.7
34.200,82.47,-157.2,201.0
34.233,82.47,-157.2,197.1
34.267,82.47,-157.2,202.6
34.300,82.47,-157.2,192.1
34.333,82.47,-157.2,196.2
34.367,82.47,-157.2,157.0
34.400,82.47,-157.2,104.5
34.433,82.47,-157.2,76.7
34.467,82.47,-157.2,84.1
34.500,82.47,-157.2,76.8
34.533,82.47,-157.2,86.4
34.567,82.47,-157.2,112.4
34.600,82.47,-157.2,172.7
34.633,82.47,-157.2,179.8
34.667,82.47,-157.2,195.9
34.700,82.47,-157.2,189.2
34.733,82.47,-157.2,191.8
34.767,82.47,-157.2,160.1
34.800,82.47,-157.2,109.0
34.833,82.47,-157.2,78.4
34.867,82.47,-157.2,84.6
34.900,82.47,-157.2,78.1
34.933,82.47,-157.2,91.3
34.967,82.47,-157.2,117.8
35.000,82.47,-157.2,170.6
35.033,82.47,-157.2,174.8
35.067,82.47,-157.2,190.7
35.100,82.47,-157.2,188.8
35.133,82.47,-157.2,199.6
35.167,82.47,-157.2,192.2
35.200,82.47,-157.2,193.4
35.233,82.47,-157.2,171.9
35.267,82.47,-157.2,129.5
35.300,82.47,-157.2,80.4
35.333,82.47,-157.2,84.1
35.367,82.47,-157.2,78.6
35.400,82.47,-157.2,84.1
35.433,82.47,-157.2,87.1
35.467,82.47,-157.2,149.2
35.500,82.47,-157.2,173.7
35.533,82.47,-157.2,190.8
35.567,82.47,-157.2,186.6
35.600,82.47,-157.2,195.8
35.633,82.47,-157.2,178.1
35.667,82.47,-157.2,142.5
35.700,82.47,-157.2,84.0
35.733,82.47,-157.2,84.6
35.767,82.47,-157.2,77.0
35.800,82.47,-157.2,84.9
35.833,82.47,-157.2,90.3
35.867,82.47,-157.2,138.6
35.900,82.47,-157.2,165.8
35.933,82.47,-157.2,188.2
35.967,82.47,-157.2,185.8
36.000,82.47,-157.2,198.7
36.033,82.47,-157.2,191.2
36.067,82.47,-157.2,198.5
36.100,82.47,-157.2,190.4
36.133,82.47,-157.2,190.1
36.167,82.47,-157.2,133.2
36.200,82.47,-157.2,90.5
36.233,82.47,-157.2,77.1
36.267,82.47,-157.2,83.6
36.300,82.47,-157.2,77.8
36.333,82.47,-157.2,88.7
36.367,82.47,-157.2,120.4
36.400,82.47,-157.2,174.3
36.433,82.47,-157.2,181.1
36.467,82.47,-157.2,198.8
36.500,82.47,-157.2,192.8
36.533,82.47,-157.2,192.9
36.567,82.47,-157.2,160.0
36.600,82.47,-157.2,107.6
36.633,82.47,-157.2,77.5
36.667,82.47,-157.2,83.2
36.700,82.47,-157.2,78.3
36.733,82.47,-157.2,89.8
36.767,82.47,-157.2,113.6
36.800,82.47,-157.2,168.3
36.833,82.47,-157.2,173.5
36.867,82.47,-157.2,193.0
36.900,82.47,-157.2,191.0
36.933,82.47,-157.2,199.0
36.967,82.47,-157.2,191.0
37.000,82.47,-157.2,194.6
37.033,82.47,-157.2,184.6
37.067,82.47,-157.2,154.6
37.100,82.47,-157.2,90.8
37.133,82.47,-157.2,83.5
37.167,82.47,-157.2,77.9
37.200,82.47,-157.2,83.7
37.233,82.47,-157.2,78.9
37.267,82.47,-157.2,118.9
37.300,82.47,-157.2,162.4
37.333,82.47,-157.2,190.7
37.367,82.47,-157.2,187.7
37.400,82.47,-157.2,195.4
37.433,82.47,-157.2,184.4
37.467,82.47,-157.2,174.9
37.500,82.47,-157.2,106.8
37.533,82.47,-157.2,84.9
37.567,82.47,-157.2,76.8
37.600,82.47,-157.2,85.1
37.633,82.47,-157.2,80.6
37.667,82.47,-157.2,116.1
37.700,82.47,-157.2,151.8
37.733,82.47,-157.2,182.7
37.767,82.47,-157.2,182.5
37.800,82.47,-157.2,197.1
37.833,82.47,-157.2,190.9
37.867,82.47,-157.2,200.8
37.900,82.47,-157.2,188.3
37.933,82.47,-157.2,194.5
37.967,82.47,-157.2,160.8
38.000,82.47,-157.2,110.2
38.033,82.47,-157.2,78.9
38.067,82.47,-157.2,84.8
38.100,82.47,-157.2,77.6
38.133,82.47,-157.2,84.6
38.167,82.47,-157.2,100.5
38.200,82.47,-157.2,166.1
38.233,82.47,-157.2,174.4
38.267,82.47,-157.2,192.7
38.300,82.47,-157.2,190.8
38.333,82.47,-157.2,197.5
38.367,82.47,-157.2,172.6
38.400,82.47,-157.2,127.2
38.433,82.47,-157.2,79.4
38.467,82.47,-157.2,85.2
38.500,82.47,-157.2,78.6
38.533,82.47,-157.2,85.5
38.567,82.47,-157.2,96.3
38.600,82.47,-157.2,150.2
38.633,82.47,-157.2,171.9
38.667,82.47,-157.2,191.6
38.700,82.47,-157.2,190.0
38.733,82.47,-157.2,201.9
38.767,82.47,-157.2,194.3
38.800,82.47,-157.2,198.7
38.833,82.47,-157.2,187.7
38.867,82.47,-157.2,178.7
38.900,82.47,-157.2,120.1
38.933,82.47,-157.2,88.5
38.967,82.47,-157.2,78.7
39.000,82.47,-157.2,85.6
39.033,82.47,-157.2,79.1
39.067,82.47,-157.2,91.5
39.100,82.47,-157.2,129.0
39.133,82.47,-157.2,181.0
39.167,82.47,-157.2,177.8
39.200,82.47,-157.2,195.0
39.233,82.47,-157.2,188.0
39.267,82.47,-157.2,188.6
39.300,82.47,-157.2,145.7
39.333,82.47,-157.2,100.6
39.367,82.47,-157.2,79.5
39.400,82.47,-157.2,86.0
39.433,82.47,-157.2,79.8
39.467,82.47,-157.2,91.6
39.500,82.47,-157.2,114.4
39.533,82.47,-157.2,170.5
39.567,82.47,-157.2,179.0
39.600,82.47,-157.2,194.3
39.633,82.47,-157.2,190.4
39.667,82.47,-157.2,201.6
39.700,82.47,-157.2,194.4
39.733,82.47,-157.2,199.2
39.767,82.47,-157.2,182.3
39.800,82.47,-157.2,154.7
39.833,82.47,-157.2,92.6
39.867,82.47,-157.2,87.9
39.900,82.47,-157.2,79.9
39.933,82.47,-157.2,87.3
39.967,82.47,-157.2,81.6
40.000,82.47,-157.2,118.3
40.033,82.47,-157.2,165.1
40.067,82.47,-157.2,190.2
40.100,82.47,-157.2,188.8
40.133,82.47,-157.2,200.0
40.167,82.47,-157.2,184.0
40.200,82.47,-157.2,168.3
40.233,82.47,-157.2,106.4
40.267,82.47,-157.2,87.0
40.300,82.47,-157.2,79.6
40.333,82.47,-157.2,87.5
40.367,82.47,-157.2,84.3
40.400,82.47,-157.2,119.3
40.433,82.47,-157.2,156.3
40.467,82.47,-157.2,186.3
40.500,82.47,-157.2,183.3
40.533,82.47,-157.2,198.8
40.567,82.47,-157.2,191.5
40.600,82.47,-157.2,198.8
40.633,82.47,-157.2,188.4
40.667,82.47,-157.2,188.7
40.700,82.47,-157.2,144.3
40.733,82.47,-157.2,100.7
40.767,82.47,-157.2,80.7
40.800,82.47,-157.2,87.9
40.833,82.47,-157.2,81.4
40.867,82.47,-157.2,88.5
40.900,82.47,-157.2,108.7
40.933,82.47,-157.2,167.6
40.967,82.47,-157.2,177.1
41.000,82.47,-157.2,195.4
41.033,82.47,-157.2,191.8
41.067,82.47,-157.2,195.2
41.100,82.47,-157.2,155.7
41.133,82.47,-157.2,113.1
41.167,82.47,-157.2,82.2
41.200,82.47,-157.2,87.6
41.233,82.47,-157.2,82.5
41.267,82.47,-157.2,90.1
41.300,82.47,-157.2,104.2
41.333,82.47,-157.2,156.0
41.367,82.47,-157.2,170.9
41.400,82.47,-157.2,192.7
41.433,82.47,-157.2,192.0
41.467,82.47,-157.2,203.7
41.500,82.47,-157.2,195.5
41.533,82.47,-157.2,202.4
41.567,82.47,-157.2,180.4
41.600,82.47,-157.2,155.2
41.633,82.47,-157.2,97.0
41.667,82.47,-157.2,91.2
41.700,82.47,-157.2,85.0
41.733,82.47,-157.2,90.9
41.767,82.47,-157.2,85.1
41.800,82.47,-157.2,113.0
41.833,82.47,-157.2,153.4
41.867,82.47,-157.2,187.3
41.900,82.47,-157.2,186.0
41.933,82.47,-157.2,196.6
41.967,82.47,-157.2,176.8
42.000,82.47,-157.2,159.5
42.033,82.47,-157.2,106.0
42.067,82.47,-157.2,92.2
42.100,82.47,-157.2,83.2
42.133,82.47,-157.2,91.6
42.167,82.47,-157.2,85.8
42.200,82.47,-157.2,117.3
42.233,82.47,-157.2,152.8
42.267,82.47,-157.2,187.8
42.300,82.47,-157.2,188.1
42.333,82.47,-157.2,202.5
42.367,82.47,-157.2,199.4
42.400,82.47,-157.2,207.1
42.433,82.47,-157.2,195.2
42.467,82.47,-157.2,187.4
42.500,82.47,-157.2,143.5
42.533,82.47,-157.2,99.4
42.567,82.47,-157.2,83.8
42.600,82.47,-157.2,90.2
42.633,82.47,-157.2,83.0
42.667,82.47,-157.2,90.9
42.700,82.47,-157.2,112.0
42.733,82.47,-157.2,176.7
42.767,82.47,-157.2,179.3
42.800,82.47,-157.2,192.8
42.833,82.47,-157.2,185.7
42.867,82.47,-157.2,191.2
42.900,82.47,-157.2,153.3
42.933,82.47,-157.2,108.0
42.967,82.47,-157.2,83.6
43.000,82.47,-157.2,90.1
43.033,82.47,-157.2,83.4
43.067,82.47,-157.2,95.0
43.100,82.47,-157.2,115.5
43.133,82.47,-157.2,170.1
43.167,82.47,-157.2,179.6
43.200,82.47,-157.2,196.9
43.233,82.47,-157.2,194.0
43.267,82.47,-157.2,206.3
43.300,82.47,-157.2,198.5
43.333,82.47,-157.2,203.1
43.367,82.47,-157.2,177.4
43.400,82.47,-157.2,148.4
43.433,82.47,-157.2,91.1
43.467,82.47,-157.2,92.5
43.500,82.47,-157.2,84.2
43.533,82.47,-157.2,91.6
43.567,82.47,-157.2,88.1
43.600,82.47,-157.2,129.9
43.633,82.47,-157.2,170.7
43.667,82.47,-157.2,193.1
43.700,82.47,-157.2,190.9
43.733,82.47,-157.2,198.5
43.767,82.47,-157.2,179.2
43.800,82.47,-157.2,153.1
43.833,82.47,-157.2,96.9
43.867,82.47,-157.2,91.4
43.900,82.47,-157.2,84.4
43.933,82.47,-157.2,90.4
43.967,82.47,-157.2,89.3
44.000,82.47,-157.2,131.4
44.033,82.47,-157.2,167.5
44.067,82.47,-157.2,192.4
44.100,82.47,-157.2,191.4
44.133,82.47,-157.2,202.5
44.167,82.47,-157.2,195.4
44.200,82.47,-157.2,204.5
44.233,82.47,-157.2,192.5
44.267,82.47,-157.2,186.1
44.300,82.47,-157.2,131.9
44.333,82.47,-157.2,94.8
44.367,82.47,-157.2,83.4
44.400,82.47,-157.2,89.7
44.433,82.47,-157.2,82.7
44.467,82.47,-157.2,92.3
44.500,82.47,-157.2,126.2
44.533,82.47,-157.2,180.7
44.567,82.47,-157.2,187.0
44.600,82.47,-157.2,202.2
44.633,82.47,-157.2,194.8
44.667,82.47,-157.2,195.3
44.700,82.47,-157.2,156.2
44.733,82.47,-157.2,106.2
44.767,82.47,-157.2,82.5
44.800,82.47,-157.2,88.4
44.833,82.47,-157.2,82.7
44.867,82.47,-157.2,94.5
44.900,82.47,-157.2,117.5
44.933,82.47,-157.2,170.8
44.967,82.47,-157.2,175.9
45.000,82.47,-157.2,194.1
45.033,82.47,-157.2,193.4
45.067,82.47,-157.2,204.0
45.100,82.47,-157.2,196.5
45.133,82.47,-157.2,201.0
45.167,82.47,-157.2,186.1
45.200,82.47,-157.2,147.9
45.233,82.47,-157.2,90.3
45.267,82.47,-157.2,88.9
45.300,82.47,-157.2,82.4
