region_A
t,x,y,luma
0.000,-449.6,-123.9,216.9
0.033,-456.7,-107.1,208.5
0.067,-456.7,-107.1,206.6
0.100,-456.7,-107.1,194.0
0.133,-456.7,-107.1,206.0
0.167,-456.7,-107.1,164.2
0.200,-456.7,-107.1,145.9
0.233,-456.7,-107.1,134.9
0.267,-456.7,-107.1,145.9
0.300,-456.7,-107.1,140.4
0.333,-456.7,-107.1,154.6
0.367,-456.7,-107.1,168.8
0.400,-456.7,-107.1,202.2
0.433,-456.7,-107.1,198.4
0.467,-456.7,-107.1,201.7
0.500,-456.7,-107.1,186.6
0.533,-456.7,-107.1,194.9
0.567,-456.7,-107.1,186.6
0.600,-456.7,-107.1,182.6
0.633,-456.7,-107.1,132.7
0.667,-456.7,-107.1,145.2
0.700,-456.7,-107.1,133.8
0.733,-456.7,-107.1,149.7
0.767,-456.7,-107.1,167.0
0.800,-456.7,-107.1,203.8
0.833,-456.7,-107.1,209.4
0.867,-456.7,-107.1,210.0
0.900,-456.7,-107.1,201.4
0.933,-456.7,-107.1,198.9
0.967,-456.7,-107.1,187.3
1.000,-456.7,-107.1,200.5
1.033,-456.7,-107.1,154.8
1.067,-456.7,-107.1,145.3
1.100,-456.7,-107.1,138.8
1.133,-456.7,-107.1,145.2
1.167,-456.7,-107.1,139.5
1.200,-456.7,-107.1,155.0
1.233,-456.7,-107.1,167.6
1.267,-456.7,-107.1,199.2
1.300,-456.7,-107.1,192.5
1.333,-456.7,-107.1,199.0
1.367,-456.7,-107.1,188.6
1.400,-456.7,-107.1,194.0
1.433,-456.7,-107.1,184.0
1.467,-456.7,-107.1,174.1
1.500,-456.7,-107.1,133.3
1.533,-456.7,-107.1,143.3
1.567,-456.7,-107.1,130.4
1.600,-456.7,-107.1,153.4
1.633,-456.7,-107.1,168.6
1.667,-456.7,-107.1,201.8
1.700,-456.7,-107.1,201.4
1.733,-456.7,-107.1,205.7
1.767,-456.7,-107.1,193.0
1.800,-456.7,-107.1,192.3
1.833,-456.7,-107.1,179.4
1.867,-456.7,-107.1,192.2
1.900,-456.7,-107.1,148.0
1.933,-456.7,-107.1,146.2
1.967,-456.7,-107.1,129.6
2.000,-456.7,-107.1,143.4
2.033,-456.7,-107.1,132.3
2.067,-456.7,-107.1,163.9
2.100,-456.7,-107.1,170.7
2.133,-456.7,-107.1,193.4
2.167,-456.7,-107.1,189.2
2.200,-456.7,-107.1,190.5
2.233,-456.7,-107.1,175.6
2.267,-456.7,-107.1,186.6
2.300,-456.7,-107.1,176.2
2.333,-456.7,-107.1,157.9
2.367,-456.7,-107.1,125.8
2.400,-456.7,-107.1,140.6
2.433,-456.7,-107.1,131.8
2.467,-456.7,-107.1,153.0
2.500,-456.7,-107.1,174.6
2.533,-456.7,-107.1,200.5
2.567,-456.7,-107.1,190.8
2.600,-456.7,-107.1,192.4
2.633,-456.7,-107.1,176.6
2.667,-456.7,-107.1,180.7
2.700,-456.7,-107.1,171.5
2.733,-456.7,-107.1,169.8
2.767,-456.7,-107.1,125.2
2.800,-456.7,-107.1,135.9
2.833,-456.7,-107.1,121.8
2.867,-456.7,-107.1,137.2
2.900,-456.7,-107.1,127.7
2.933,-456.7,-107.1,162.5
2.967,-456.7,-107.1,167.3
3.000,-456.7,-107.1,179.4
3.033,-456.7,-107.1,166.4
3.067,-456.7,-107.1,169.7
3.100,-456.7,-107.1,155.4
3.133,-456.7,-107.1,172.2
3.167,-456.7,-107.1,152.1
3.200,-456.7,-107.1,129.1
3.233,-456.7,-107.1,129.1
3.267,-456.7,-107.1,118.6
3.300,-456.7,-107.1,128.5
3.333,-456.7,-107.1,120.2
3.367,-456.7,-107.1,152.3
3.400,-456.7,-107.1,161.6
3.433,-456.7,-107.1,171.0
3.467,-456.7,-107.1,163.9
3.500,-456.7,-107.1,168.2
3.533,-456.7,-107.1,159.5
3.567,-456.7,-107.1,162.2
3.600,-456.7,-107.1,152.3
3.633,-456.7,-107.1,138.5
3.667,-456.7,-107.1,106.5
3.700,-456.7,-107.1,120.5
3.733,-456.7,-107.1,106.4
3.767,-456.7,-107.1,121.4
3.800,-456.7,-107.1,129.1
3.833,-456.7,-107.1,151.5
3.867,-456.7,-107.1,156.4
3.900,-456.7,-107.1,165.1
3.933,-456.7,-107.1,150.0
3.967,-456.7,-107.1,155.7
4.000,-456.7,-107.1,146.2
4.033,-456.7,-107.1,162.4
4.067,-456.7,-107.1,130.8
4.100,-456.7,-107.1,119.8
4.133,-456.7,-107.1,109.9
4.167,-456.7,-107.1,117.1
4.200,-456.7,-107.1,121.5
4.233,-456.7,-107.1,157.4
4.267,-456.7,-107.1,161.2
4.300,-456.7,-107.1,167.8
4.333,-456.7,-107.1,159.5
4.367,-456.7,-107.1,161.4
4.400,-456.7,-107.1,147.8
4.433,-456.7,-107.1,155.5
4.467,-456.7,-107.1,144.7
4.500,-456.7,-107.1,121.4
4.533,-456.7,-107.1,102.8
4.567,-456.7,-107.1,116.7
4.600,-456.7,-107.1,110.4
4.633,-456.7,-107.1,123.2
4.667,-456.7,-107.1,137.6
4.700,-456.7,-107.1,163.5
4.733,-456.7,-107.1,157.5
4.767,-456.7,-107.1,160.7
4.800,-456.7,-107.1,148.1
4.833,-456.7,-107.1,153.6
4.867,-456.7,-107.1,144.4
4.900,-456.7,-107.1,153.4
4.933,-456.7,-107.1,118.3
4.967,-456.7,-107.1,117.9
5.000,-456.7,-107.1,106.2
5.033,-456.7,-107.1,123.3
5.067,-456.7,-107.1,131.7
5.100,-456.7,-107.1,160.5
5.133,-456.7,-107.1,160.3
5.167,-456.7,-107.1,166.7
5.200,-456.7,-107.1,159.6
5.233,-456.7,-107.1,162.6
5.267,-456.7,-107.1,144.4
5.300,-456.7,-107.1,159.8
5.333,-456.7,-107.1,141.2
5.367,-456.7,-107.1,116.0
5.400,-456.7,-107.1,110.3
5.433,-456.7,-107.1,117.9
5.467,-456.7,-107.1,111.0
5.500,-456.7,-107.1,127.1
5.533,-456.7,-107.1,139.3
5.567,-456.7,-107.1,160.2
5.600,-456.7,-107.1,152.7
5.633,-456.7,-107.1,160.1
5.667,-456.7,-107.1,148.9
5.700,-456.7,-107.1,154.8
5.733,-456.7,-107.1,147.4
5.767,-456.7,-107.1,154.8
5.800,-456.7,-107.1,110.3
5.833,-456.7,-107.1,116.1
5.867,-456.7,-107.1,107.0
5.900,-456.7,-107.1,114.6
5.933,-456.7,-107.1,131.9
5.967,-456.7,-107.1,163.9
6.000,-456.7,-107.1,155.1
6.033,-456.7,-107.1,166.2
6.067,-456.7,-107.1,152.8
6.100,-456.7,-107.1,152.0
6.133,-456.7,-107.1,139.8
6.167,-456.7,-107.1,156.2
6.200,-456.7,-107.1,133.2
6.233,-456.7,-107.1,115.9
6.267,-456.7,-107.1,106.7
6.300,-456.7,-107.1,115.9
6.333,-456.7,-107.1,105.1
6.367,-456.7,-107.1,131.6
6.400,-456.7,-107.1,136.3
6.433,-456.7,-107.1,153.3
6.467,-456.7,-107.1,153.0
6.500,-456.7,-107.1,154.3
6.533,-456.7,-107.1,142.1
6.567,-456.7,-107.1,147.5
6.600,-456.7,-107.1,137.6
6.633,-456.7,-107.1,146.9
6.667,-456.7,-107.1,109.6
6.700,-456.7,-107.1,117.1
6.733,-456.7,-107.1,101.7
6.767,-456.7,-107.1,116.9
6.800,-456.7,-107.1,131.6
6.833,-456.7,-107.1,157.7
6.867,-456.7,-107.1,152.1
6.900,-456.7,-107.1,159.2
6.933,-456.7,-107.1,147.0
6.967,-456.7,-107.1,153.7
7.000,-456.7,-107.1,141.4
7.033,-456.7,-107.1,154.6
7.067,-456.7,-107.1,129.0
7.100,-456.7,-107.1,114.0
7.133,-456.7,-107.1,107.4
7.167,-456.7,-107.1,115.0
7.200,-456.7,-107.1,104.8
7.233,-456.7,-107.1,135.1
7.267,-456.7,-107.1,141.2
7.300,-456.7,-107.1,161.1
7.333,-456.7,-107.1,148.8
7.367,-456.7,-107.1,159.0
7.400,-456.7,-107.1,142.6
7.433,-456.7,-107.1,148.8
7.467,-456.7,-107.1,144.6
7.500,-456.7,-107.1,147.2
7.533,-456.7,-107.1,108.2
7.567,-456.7,-107.1,119.6
7.600,-456.7,-107.1,105.2
7.633,-456.7,-107.1,121.4
7.667,-456.7,-107.1,141.2
7.700,-456.7,-107.1,159.7
7.733,-456.7,-107.1,157.6
7.767,-456.7,-107.1,161.4
7.800,-456.7,-107.1,154.7
7.833,-456.7,-107.1,159.3
7.867,-456.7,-107.1,141.6
7.900,-456.7,-107.1,158.5
7.933,-456.7,-107.1,125.3
7.967,-456.7,-107.1,111.3
8.000,-456.7,-107.1,101.4
8.033,-456.7,-107.1,115.7
8.067,-456.7,-107.1,111.3
8.100,-456.7,-107.1,133.4
8.133,-456.7,-107.1,141.5
8.167,-456.7,-107.1,161.2
8.200,-456.7,-107.1,150.6
8.233,-456.7,-107.1,154.3
8.267,-456.7,-107.1,140.4
8.300,-456.7,-107.1,148.4
8.333,-456.7,-107.1,146.7
8.367,-456.7,-107.1,143.5
8.400,-456.7,-107.1,105.1
8.433,-456.7,-107.1,114.6
8.467,-456.7,-107.1,104.4
8.500,-456.7,-107.1,129.4
8.533,-456.7,-107.1,141.1
8.567,-456.7,-107.1,159.2
8.600,-456.7,-107.1,160.3
8.633,-456.7,-107.1,158.9
8.667,-456.7,-107.1,152.9
8.700,-456.7,-107.1,153.0
8.733,-456.7,-107.1,138.0
8.767,-456.7,-107.1,153.0
8.800,-456.7,-107.1,112.1
8.833,-456.7,-107.1,117.8
8.867,-456.7,-107.1,111.6
8.900,-456.7,-107.1,117.2
8.933,-456.7,-107.1,110.0
8.967,-456.7,-107.1,139.0
9.000,-456.7,-107.1,141.1
9.033,-456.7,-107.1,155.2
9.067,-456.7,-107.1,142.6
9.100,-456.7,-107.1,148.5
9.133,-456.7,-107.1,143.1
9.167,-456.7,-107.1,149.5
9.200,-456.7,-107.1,145.0
9.233,-456.7,-107.1,134.7
9.267,-456.7,-107.1,102.7
9.300,-456.7,-107.1,109.7
9.333,-456.7,-107.1,105.9
9.367,-456.7,-107.1,130.7
9.400,-456.7,-107.1,138.5
9.433,-456.7,-107.1,157.2
9.467,-456.7,-107.1,154.6
9.500,-456.7,-107.1,157.2
9.533,-456.7,-107.1,146.0
9.567,-456.7,-107.1,147.4
9.600,-456.7,-107.1,140.2
9.633,-456.7,-107.1,143.8
9.667,-456.7,-107.1,109.6
9.700,-456.7,-107.1,113.7
9.733,-456.7,-107.1,106.5
9.767,-456.7,-107.1,116.6
9.800,-456.7,-107.1,109.7
9.833,-456.7,-107.1,142.7
9.867,-456.7,-107.1,144.6
9.900,-456.7,-107.1,153.7
9.933,-456.7,-107.1,149.2
9.967,-456.7,-107.1,149.5
10.000,-456.7,-107.1,137.1
10.033,-456.7,-107.1,147.9
10.067,-456.7,-107.1,137.6
10.100,-456.7,-107.1,124.2
10.133,-456.7,-107.1,100.4
10.167,-456.7,-107.1,112.9
10.200,-456.7,-107.1,108.7
10.233,-456.7,-107.1,134.6
10.267,-456.7,-107.1,141.9
10.300,-456.7,-107.1,156.8
10.333,-456.7,-107.1,147.7
10.367,-456.7,-107.1,151.3
10.400,-456.7,-107.1,139.9
10.433,-456.7,-107.1,140.1
10.467,-456.7,-107.1,141.3
10.500,-456.7,-107.1,138.7
10.533,-456.7,-107.1,104.9
10.567,-456.7,-107.1,114.1
10.600,-456.7,-107.1,102.5
10.633,-456.7,-107.1,115.8
10.667,-456.7,-107.1,116.5
10.700,-456.7,-107.1,141.8
10.733,-456.7,-107.1,147.9
10.767,-456.7,-107.1,153.9
10.800,-456.7,-107.1,146.8
10.833,-456.7,-107.1,151.7
10.867,-456.7,-107.1,137.4
10.900,-456.7,-107.1,151.0
10.933,-456.7,-107.1,135.9
10.967,-456.7,-107.1,114.2
11.000,-456.7,-107.1,111.7
11.033,-456.7,-107.1,114.2
11.067,-456.7,-107.1,112.9
11.100,-456.7,-107.1,149.0
11.133,-456.7,-107.1,148.3
11.167,-456.7,-107.1,160.4
11.200,-456.7,-107.1,153.9
11.233,-456.7,-107.1,150.3
11.267,-456.7,-107.1,145.0
11.300,-456.7,-107.1,146.4
11.333,-456.7,-107.1,142.0
11.367,-456.7,-107.1,129.0
11.400,-456.7,-107.1,101.4
11.433,-456.7,-107.1,114.5
11.467,-456.7,-107.1,103.6
11.500,-456.7,-107.1,112.3
11.533,-456.7,-107.1,119.4
11.567,-456.7,-107.1,143.4
11.600,-456.7,-107.1,143.1
11.633,-456.7,-107.1,148.5
11.667,-456.7,-107.1,140.8
11.700,-456.7,-107.1,144.3
11.733,-456.7,-107.1,128.8
11.767,-456.7,-107.1,147.0
11.800,-456.7,-107.1,125.7
11.833,-456.7,-107.1,115.9
11.867,-456.7,-107.1,103.7
11.900,-456.7,-107.1,111.5
11.933,-456.7,-107.1,113.3
11.967,-456.7,-107.1,142.8
12.000,-456.7,-107.1,147.7
12.033,-456.7,-107.1,151.0
12.067,-456.7,-107.1,147.6
12.100,-456.7,-107.1,150.7
12.133,-456.7,-107.1,141.3
12.167,-456.7,-107.1,146.9
12.200,-456.7,-107.1,137.2
12.233,-456.7,-107.1,120.8
12.267,-456.7,-107.1,102.7
12.300,-456.7,-107.1,112.7
12.333,-456.7,-107.1,107.5
12.367,-456.7,-107.1,113.0
12.400,-456.7,-107.1,123.1
12.433,-456.7,-107.1,145.4
12.467,-456.7,-107.1,143.3
12.500,-456.7,-107.1,141.9
12.533,-456.7,-107.1,129.9
12.567,-456.7,-107.1,136.8
12.600,-456.7,-107.1,133.8
12.633,-456.7,-107.1,139.9
12.667,-456.7,-107.1,107.2
12.700,-456.7,-107.1,109.4
12.733,-456.7,-107.1,101.4
12.767,-456.7,-107.1,110.1
12.800,-456.7,-107.1,120.5
12.833,-456.7,-107.1,143.5
12.867,-456.7,-107.1,141.2
12.900,-456.7,-107.1,149.3
12.933,-456.7,-107.1,142.3
12.967,-456.7,-107.1,144.4
13.000,-456.7,-107.1,135.1
13.033,-456.7,-107.1,143.9
13.067,-456.7,-107.1,132.6
13.100,-456.7,-107.1,110.9
13.133,-456.7,-107.1,103.0
13.167,-456.7,-107.1,109.8
13.200,-456.7,-107.1,104.8
13.233,-456.7,-107.1,119.2
13.267,-456.7,-107.1,129.6
13.300,-456.7,-107.1,143.2
13.333,-456.7,-107.1,141.5
13.367,-456.7,-107.1,143.4
13.400,-456.7,-107.1,134.3
13.433,-456.7,-107.1,139.0
13.467,-456.7,-107.1,134.7
13.500,-456.7,-107.1,137.9
13.533,-456.7,-107.1,104.7
13.567,-456.7,-107.1,110.4
13.600,-456.7,-107.1,101.3
13.633,-456.7,-107.1,109.5
13.667,-456.7,-107.1,115.3
13.700,-456.7,-107.1,140.9
13.733,-456.7,-107.1,138.0
13.767,-456.7,-107.1,143.5
13.800,-456.7,-107.1,133.7
13.833,-456.7,-107.1,133.1
13.867,-456.7,-107.1,128.7
13.900,-456.7,-107.1,135.8
13.933,-456.7,-107.1,123.8
13.967,-456.7,-107.1,112.9
14.000,-456.7,-107.1,100.4
14.033,-456.7,-107.1,109.4
14.067,-456.7,-107.1,100.7
14.100,-456.7,-107.1,108.4
14.133,-456.7,-107.1,121.8
14.167,-456.7,-107.1,134.7
14.200,-456.7,-107.1,133.2
14.233,-456.7,-107.1,135.8
14.267,-456.7,-107.1,132.0
14.300,-456.7,-107.1,134.5
14.333,-456.7,-107.1,126.3
14.367,-456.7,-107.1,133.9
14.400,-456.7,-107.1,116.2
14.433,-456.7,-107.1,107.9
14.467,-456.7,-107.1,103.1
14.500,-456.7,-107.1,110.3
14.533,-456.7,-107.1,114.5
14.567,-456.7,-107.1,140.7
14.600,-456.7,-107.1,139.9
14.633,-456.7,-107.1,142.7
14.667,-456.7,-107.1,137.6
14.700,-456.7,-107.1,141.4
14.733,-456.7,-107.1,132.2
14.767,-456.7,-107.1,138.1
14.800,-456.7,-107.1,131.4
14.833,-456.7,-107.1,111.8
14.867,-456.7,-107.1,102.8
14.900,-456.7,-107.1,110.2
14.933,-456.7,-107.1,101.1
14.967,-456.7,-107.1,109.0
15.000,-456.7,-107.1,120.9
15.033,-456.7,-107.1,140.3
15.067,-456.7,-107.1,140.4
15.100,-456.7,-107.1,142.2
15.133,-456.7,-107.1,134.6
15.167,-456.7,-107.1,132.1
15.200,-456.7,-107.1,130.3
15.233,-456.7,-107.1,140.2
15.267,-456.7,-107.1,108.0
15.300,-456.7,-107.1,112.2
15.333,-456.7,-107.1,102.6
15.367,-456.7,-107.1,112.1
15.400,-456.7,-107.1,127.1
15.433,-456.7,-107.1,144.4
15.467,-456.7,-107.1,142.9
15.500,-456.7,-107.1,144.5
15.533,-456.7,-107.1,140.7
15.567,-456.7,-107.1,143.4
15.600,-456.7,-107.1,137.9
15.633,-456.7,-107.1,140.3
15.667,-456.7,-107.1,128.4
15.700,-456.7,-107.1,110.5
15.733,-456.7,-107.1,101.0
15.767,-456.7,-107.1,107.2
15.800,-456.7,-107.1,103.4
15.833,-456.7,-107.1,115.5
15.867,-456.7,-107.1,123.2
15.900,-456.7,-107.1,142.9
15.933,-456.7,-107.1,137.8
15.967,-456.7,-107.1,139.8
16.000,-456.7,-107.1,134.3
16.033,-456.7,-107.1,133.8
16.067,-456.7,-107.1,133.2
16.100,-456.7,-107.1,139.8
16.133,-456.7,-107.1,106.9
16.167,-456.7,-107.1,108.3
16.200,-456.7,-107.1,105.4
16.233,-456.7,-107.1,108.9
16.267,-456.7,-107.1,129.5
16.300,-456.7,-107.1,142.1
16.333,-456.7,-107.1,141.7
16.367,-456.7,-107.1,145.2
16.400,-456.7,-107.1,139.1
16.433,-456.7,-107.1,140.0
16.467,-456.7,-107.1,130.9
16.500,-456.7,-107.1,137.6
16.533,-456.7,-107.1,123.1
16.567,-456.7,-107.1,109.8
16.600,-456.7,-107.1,105.4
16.633,-456.7,-107.1,109.2
16.667,-456.7,-107.1,106.1
16.700,-456.7,-107.1,114.8
16.733,-456.7,-107.1,128.3
16.767,-456.7,-107.1,138.2
16.800,-456.7,-107.1,135.2
16.833,-456.7,-107.1,134.5
16.867,-456.7,-107.1,133.9
16.900,-456.7,-107.1,133.8
16.933,-456.7,-107.1,131.4
16.967,-456.7,-107.1,134.6
17.000,-456.7,-107.1,107.0
17.033,-456.7,-107.1,109.7
17.067,-456.7,-107.1,106.5
17.100,-456.7,-107.1,112.3
17.133,-456.7,-107.1,129.5
17.167,-456.7,-107.1,145.4
17.200,-456.7,-107.1,146.5
17.233,-456.7,-107.1,147.2
17.267,-456.7,-107.1,145.1
17.300,-456.7,-107.1,141.0
17.333,-456.7,-107.1,132.0
17.367,-456.7,-107.1,140.5
17.400,-456.7,-107.1,128.9
17.433,-456.7,-107.1,109.8
17.467,-456.7,-107.1,103.5
17.500,-456.7,-107.1,109.2
17.533,-456.7,-107.1,107.8
17.567,-456.7,-107.1,121.6
17.600,-456.7,-107.1,136.8
17.633,-456.7,-107.1,141.6
17.667,-456.7,-107.1,141.5
17.700,-456.7,-107.1,142.0
17.733,-456.7,-107.1,137.1
17.767,-456.7,-107.1,138.1
17.800,-456.7,-107.1,138.2
17.833,-456.7,-107.1,138.4
17.867,-456.7,-107.1,108.3
17.900,-456.7,-107.1,109.5
17.933,-456.7,-107.1,108.5
17.967,-456.7,-107.1,109.4
18.000,-456.7,-107.1,130.9
18.033,-456.7,-107.1,147.6
18.067,-456.7,-107.1,148.6
18.100,-456.7,-107.1,150.1
18.133,-456.7,-107.1,138.5
18.167,-456.7,-107.1,139.4
18.200,-456.7,-107.1,136.3
18.233,-456.7,-107.1,139.1
18.267,-456.7,-107.1,123.7
18.300,-456.7,-107.1,109.8
18.333,-456.7,-107.1,107.6
18.367,-456.7,-107.1,107.5
18.400,-456.7,-107.1,105.5
18.433,-456.7,-107.1,126.3
18.467,-456.7,-107.1,134.0
18.500,-456.7,-107.1,143.3
18.533,-456.7,-107.1,141.7
18.567,-456.7,-107.1,142.1
18.600,-456.7,-107.1,135.2
18.633,-456.7,-107.1,137.8
18.667,-456.7,-107.1,140.5
18.700,-456.7,-107.1,134.3
18.733,-456.7,-107.1,107.0
18.767,-456.7,-107.1,110.7
18.800,-456.7,-107.1,109.4
18.833,-456.7,-107.1,119.2
18.867,-456.7,-107.1,136.1
18.900,-456.7,-107.1,146.6
18.933,-456.7,-107.1,147.3
18.967,-456.7,-107.1,147.1
19.000,-456.7,-107.1,146.8
19.033,-456.7,-107.1,145.1
19.067,-456.7,-107.1,138.6
19.100,-456.7,-107.1,145.1
19.133,-456.7,-107.1,121.4
19.167,-456.7,-107.1,110.2
19.200,-456.7,-107.1,108.3
19.233,-456.7,-107.1,109.2
19.267,-456.7,-107.1,110.2
19.300,-456.7,-107.1,120.4
19.333,-456.7,-107.1,136.5
19.367,-456.7,-107.1,146.3
19.400,-456.7,-107.1,144.5
19.433,-456.7,-107.1,142.0
19.467,-456.7,-107.1,136.1
19.500,-456.7,-107.1,136.7
19.533,-456.7,-107.1,137.2
19.567,-456.7,-107.1,131.4
19.600,-456.7,-107.1,108.7
19.633,-456.7,-107.1,110.3
19.667,-456.7,-107.1,107.5
19.700,-456.7,-107.1,112.6
19.733,-456.7,-107.1,132.4
19.767,-456.7,-107.1,146.3
19.800,-456.7,-107.1,147.8
19.833,-456.7,-107.1,147.2
19.867,-456.7,-107.1,143.8
19.900,-456.7,-107.1,139.8
19.933,-456.7,-107.1,137.8
19.967,-456.7,-107.1,143.7
20.000,-456.7,-107.1,119.7
20.033,-456.7,-107.1,107.2
20.067,-456.7,-107.1,106.2
20.100,-456.7,-107.1,107.1
20.133,-456.7,-107.1,107.2
20.167,-456.7,-107.1,118.1
20.200,-456.7,-107.1,132.8
20.233,-456.7,-107.1,143.4
20.267,-456.7,-107.1,140.3
20.300,-456.7,-107.1,138.7
20.333,-456.7,-107.1,136.4
20.367,-456.7,-107.1,134.3
20.400,-456.7,-107.1,140.6
20.433,-456.7,-107.1,133.1
20.467,-456.7,-107.1,105.7
20.500,-456.7,-107.1,108.9
20.533,-456.7,-107.1,104.8
20.567,-456.7,-107.1,110.8
20.600,-456.7,-107.1,132.3
20.633,-456.7,-107.1,145.7
20.667,-456.7,-107.1,145.1
20.700,-456.7,-107.1,145.7
20.733,-456.7,-107.1,142.3
20.767,-456.7,-107.1,130.5
20.800,-456.7,-107.1,131.2
20.833,-456.7,-107.1,139.6
20.867,-456.7,-107.1,119.0
20.900,-456.7,-107.1,108.1
20.933,-456.7,-107.1,107.3
20.967,-456.7,-107.1,107.7
21.000,-456.7,-107.1,107.7
21.033,-456.7,-107.1,122.9
21.067,-456.7,-107.1,136.0
21.100,-456.7,-107.1,138.7
21.133,-456.7,-107.1,138.8
21.167,-456.7,-107.1,137.3
21.200,-456.7,-107.1,133.3
21.233,-456.7,-107.1,133.0
21.267,-456.7,-107.1,136.1
21.300,-456.7,-107.1,129.0
21.333,-456.7,-107.1,105.4
21.367,-456.7,-107.1,106.4
21.400,-456.7,-107.1,104.1
21.433,-456.7,-107.1,110.9
21.467,-456.7,-107.1,132.9
21.500,-456.7,-107.1,141.9
21.533,-456.7,-107.1,142.2
21.567,-456.7,-107.1,139.2
21.600,-456.7,-107.1,135.8
21.633,-456.7,-107.1,129.4
21.667,-456.7,-107.1,131.1
21.700,-456.7,-107.1,131.9
21.733,-456.7,-107.1,113.8
21.767,-456.7,-107.1,101.2
21.800,-456.7,-107.1,104.1
21.833,-456.7,-107.1,104.2
21.867,-456.7,-107.1,105.2
21.900,-456.7,-107.1,122.0
21.933,-456.7,-107.1,132.2
21.967,-456.7,-107.1,135.3
22.000,-456.7,-107.1,132.9
22.033,-456.7,-107.1,132.7
22.067,-456.7,-107.1,132.1
22.100,-456.7,-107.1,130.4
22.133,-456.7,-107.1,132.3
22.167,-456.7,-107.1,123.9
22.200,-456.7,-107.1,106.6
22.233,-449.6,-123.9,129.5
22.267,-449.6,-123.9,129.6
22.300,-449.6,-123.9,158.3
22.333,-449.6,-123.9,198.4
22.367,-449.6,-123.9,208.4
22.400,-449.6,-123.9,211.6
22.433,-449.6,-123.9,212.2
22.467,-449.6,-123.9,208.3
22.500,-449.6,-123.9,202.4
22.533,-449.6,-123.9,196.3
22.567,-449.6,-123.9,204.2
22.600,-449.6,-123.9,158.0
22.633,-449.6,-123.9,126.8
22.667,-449.6,-123.9,126.1
22.700,-449.6,-123.9,126.7
22.733,-449.6,-123.9,134.1
22.767,-449.6,-123.9,168.1
22.800,-449.6,-123.9,192.6
22.833,-449.6,-123.9,201.9
22.867,-449.6,-123.9,202.6
22.900,-449.6,-123.9,201.6
22.933,-449.6,-123.9,198.6
22.967,-449.6,-123.9,194.6
23.000,-449.6,-123.9,198.0
23.033,-449.6,-123.9,185.7
23.067,-449.6,-123.9,128.9
23.100,-449.6,-123.9,127.8
23.133,-449.6,-123.9,131.3
23.167,-449.6,-123.9,160.2
23.200,-449.6,-123.9,198.0
23.233,-449.6,-123.9,205.4
23.267,-449.6,-123.9,213.8
23.300,-449.6,-123.9,214.2
23.333,-449.6,-123.9,210.7
23.367,-449.6,-123.9,203.0
23.400,-449.6,-123.9,197.8
23.433,-449.6,-123.9,203.0
23.467,-449.6,-123.9,153.0
23.500,-449.6,-123.9,125.3
23.533,-449.6,-123.9,128.8
23.567,-449.6,-123.9,128.3
23.600,-449.6,-123.9,134.8
23.633,-449.6,-123.9,171.2
23.667,-449.6,-123.9,197.2
23.700,-449.6,-123.9,203.6
23.733,-449.6,-123.9,206.4
23.767,-449.6,-123.9,200.1
23.800,-449.6,-123.9,200.4
23.833,-449.6,-123.9,192.7
23.867,-449.6,-123.9,196.5
23.900,-449.6,-123.9,179.7
23.933,-449.6,-123.9,130.9
23.967,-449.6,-123.9,127.7
24.000,-449.6,-123.9,129.4
24.033,-449.6,-123.9,155.7
24.067,-449.6,-123.9,200.2
24.100,-449.6,-123.9,207.7
24.133,-449.6,-123.9,214.5
24.167,-449.6,-123.9,213.2
24.200,-449.6,-123.9,211.7
24.233,-449.6,-123.9,203.2
24.267,-449.6,-123.9,199.7
24.300,-449.6,-123.9,204.3
24.333,-449.6,-123.9,154.7
24.367,-449.6,-123.9,125.6
24.400,-449.6,-123.9,128.1
24.433,-449.6,-123.9,126.3
24.467,-449.6,-123.9,136.8
24.500,-449.6,-123.9,174.8
24.533,-449.6,-123.9,195.6
24.567,-449.6,-123.9,200.1
24.600,-449.6,-123.9,205.3
24.633,-449.6,-123.9,206.6
24.667,-449.6,-123.9,203.0
24.700,-449.6,-123.9,193.6
24.733,-449.6,-123.9,199.2
24.767,-449.6,-123.9,181.5
24.800,-449.6,-123.9,131.5
24.833,-449.6,-123.9,126.7
24.867,-449.6,-123.9,130.1
24.900,-449.6,-123.9,157.3
24.933,-449.6,-123.9,202.8
24.967,-449.6,-123.9,210.4
25.000,-449.6,-123.9,216.7
25.033,-449.6,-123.9,214.0
25.067,-449.6,-123.9,212.6
25.100,-449.6,-123.9,202.8
25.133,-449.6,-123.9,198.8
25.167,-449.6,-123.9,203.3
25.200,-449.6,-123.9,148.3
25.233,-449.6,-123.9,124.6
25.267,-449.6,-123.9,130.2
25.300,-449.6,-123.9,124.0
25.333,-449.6,-123.9,142.0
25.367,-449.6,-123.9,174.2
25.400,-449.6,-123.9,192.0
25.433,-449.6,-123.9,198.4
25.467,-449.6,-123.9,207.4
25.500,-449.6,-123.9,200.4
25.533,-449.6,-123.9,200.3
25.567,-449.6,-123.9,188.1
25.600,-449.6,-123.9,198.0
25.633,-449.6,-123.9,175.7
25.667,-449.6,-123.9,131.9
25.700,-449.6,-123.9,127.3
25.733,-449.6,-123.9,134.4
25.767,-449.6,-123.9,166.6
25.800,-449.6,-123.9,204.8
25.833,-449.6,-123.9,208.8
25.867,-449.6,-123.9,217.6
25.900,-449.6,-123.9,214.4
25.933,-449.6,-123.9,213.7
25.967,-449.6,-123.9,202.6
26.000,-449.6,-123.9,200.3
26.033,-449.6,-123.9,201.7
26.067,-449.6,-123.9,123.7
26.167,-449.6,-123.9,129.2
26.200,-449.6,-123.9,122.7
26.233,-449.6,-123.9,148.6
26.267,-449.6,-123.9,178.2
26.300,-449.6,-123.9,200.5
26.333,-449.6,-123.9,202.2
26.367,-449.6,-123.9,206.8
26.400,-449.6,-123.9,199.7
26.433,-449.6,-123.9,199.6
26.467,-449.6,-123.9,188.6
26.500,-449.6,-123.9,198.6
26.533,-449.6,-123.9,148.8
26.567,-449.6,-123.9,132.8
26.600,-449.6,-123.9,127.5
26.633,-449.6,-123.9,141.1
26.667,-449.6,-123.9,184.4
26.700,-449.6,-123.9,211.3
26.733,-449.6,-123.9,213.4
26.767,-449.6,-123.9,217.7
26.800,-449.6,-123.9,211.3
26.833,-449.6,-123.9,208.1
26.867,-449.6,-123.9,196.1
26.900,-449.6,-123.9,206.4
26.933,-449.6,-123.9,184.1
26.967,-449.6,-123.9,132.3
27.000,-449.6,-123.9,123.0
27.033,-449.6,-123.9,128.4
27.067,-449.6,-123.9,124.4
27.100,-449.6,-123.9,163.5
27.133,-449.6,-123.9,184.9
27.167,-449.6,-123.9,206.4
27.200,-449.6,-123.9,204.6
27.233,-449.6,-123.9,206.9
27.267,-449.6,-123.9,198.8
27.300,-449.6,-123.9,198.3
27.333,-449.6,-123.9,190.8
27.367,-449.6,-123.9,194.0
27.400,-449.6,-123.9,126.1
27.433,-449.6,-123.9,138.0
27.467,-449.6,-123.9,130.6
27.500,-449.6,-123.9,163.9
27.533,-449.6,-123.9,192.6
27.567,-449.6,-123.9,210.0
27.600,-449.6,-123.9,211.2
27.633,-449.6,-123.9,217.0
27.667,-449.6,-123.9,209.7
27.700,-449.6,-123.9,208.0
27.733,-449.6,-123.9,193.7
27.767,-449.6,-123.9,209.6
27.800,-449.6,-123.9,163.7
27.833,-449.6,-123.9,131.5
27.867,-449.6,-123.9,127.7
27.900,-449.6,-123.9,131.4
27.933,-449.6,-123.9,130.0
27.967,-449.6,-123.9,178.3
28.000,-449.6,-123.9,191.2
28.033,-449.6,-123.9,206.5
28.067,-449.6,-123.9,204.2
28.100,-449.6,-123.9,207.9
28.133,-449.6,-123.9,198.8
28.167,-449.6,-123.9,198.0
28.200,-449.6,-123.9,192.5
28.233,-449.6,-123.9,190.2
28.267,-449.6,-123.9,125.0
28.300,-449.6,-123.9,133.0
28.333,-449.6,-123.9,120.3
28.367,-449.6,-123.9,165.8
28.400,-449.6,-123.9,196.3
28.433,-449.6,-123.9,216.4
28.467,-449.6,-123.9,213.7
28.500,-449.6,-123.9,217.9
28.533,-449.6,-123.9,207.2
28.567,-449.6,-123.9,206.0
28.600,-449.6,-123.9,191.1
28.633,-449.6,-123.9,208.3
28.667,-449.6,-123.9,154.8
28.700,-449.6,-123.9,130.3
28.733,-449.6,-123.9,119.9
28.767,-449.6,-123.9,130.5
28.800,-449.6,-123.9,129.0
28.833,-449.6,-123.9,180.8
28.867,-449.6,-123.9,190.1
28.900,-449.6,-123.9,204.8
28.933,-449.6,-123.9,201.4
28.967,-449.6,-123.9,205.1
29.000,-449.6,-123.9,195.4
29.033,-449.6,-123.9,198.4
29.067,-449.6,-123.9,190.6
29.100,-449.6,-123.9,184.5
29.133,-449.6,-123.9,122.5
29.167,-449.6,-123.9,132.7
29.200,-449.6,-123.9,123.8
29.233,-449.6,-123.9,174.3
29.267,-449.6,-123.9,199.7
29.300,-449.6,-123.9,216.4
29.333,-449.6,-123.9,213.2
29.367,-449.6,-123.9,215.8
29.400,-449.6,-123.9,203.9
29.433,-449.6,-123.9,205.0
29.467,-449.6,-123.9,190.5
29.500,-449.6,-123.9,208.6
29.533,-449.6,-123.9,136.7
29.567,-449.6,-123.9,132.5
29.600,-449.6,-123.9,117.4
29.633,-449.6,-123.9,132.7
29.667,-449.6,-123.9,137.1
29.700,-449.6,-123.9,190.7
29.733,-449.6,-123.9,192.7
29.767,-449.6,-123.9,206.9
29.800,-449.6,-123.9,200.9
29.833,-449.6,-123.9,203.8
29.867,-449.6,-123.9,193.7
29.900,-449.6,-123.9,198.0
29.933,-449.6,-123.9,193.1
29.967,-449.6,-123.9,165.6
30.000,-449.6,-123.9,122.2
30.033,-449.6,-123.9,130.3
30.067,-449.6,-123.9,125.0
30.100,-449.6,-123.9,189.2
30.133,-449.6,-123.9,200.5
30.167,-449.6,-123.9,218.4
30.200,-449.6,-123.9,212.6
30.233,-449.6,-123.9,214.6
30.267,-449.6,-123.9,203.7
30.300,-449.6,-123.9,204.8
30.333,-449.6,-123.9,193.4
30.367,-449.6,-123.9,204.0
30.400,-449.6,-123.9,125.7
30.433,-449.6,-123.9,132.1
30.467,-449.6,-123.9,121.7
30.500,-449.6,-123.9,133.4
30.533,-449.6,-123.9,147.1
30.567,-449.6,-123.9,195.1
30.600,-449.6,-123.9,196.7
30.633,-449.6,-123.9,210.0
30.667,-449.6,-123.9,203.9
30.700,-449.6,-123.9,204.0
30.733,-449.6,-123.9,190.3
30.767,-449.6,-123.9,197.1
30.800,-449.6,-123.9,191.1
30.833,-449.6,-123.9,145.1
30.867,-449.6,-123.9,122.9
30.900,-449.6,-123.9,129.8
30.933,-449.6,-123.9,132.4
30.967,-449.6,-123.9,199.3
31.000,-449.6,-123.9,204.4
31.033,-449.6,-123.9,216.8
31.067,-449.6,-123.9,211.1
31.100,-449.6,-123.9,213.0
31.133,-449.6,-123.9,201.3
31.167,-449.6,-123.9,201.9
31.200,-449.6,-123.9,197.1
31.233,-449.6,-123.9,195.2
31.267,-449.6,-123.9,119.9
31.300,-449.6,-123.9,131.3
31.333,-449.6,-123.9,121.4
31.367,-449.6,-123.9,132.0
31.400,-449.6,-123.9,157.0
31.433,-449.6,-123.9,203.0
31.467,-449.6,-123.9,201.1
31.500,-449.6,-123.9,215.0
31.533,-449.6,-123.9,203.2
31.567,-449.6,-123.9,205.2
31.600,-449.6,-123.9,191.4
31.633,-449.6,-123.9,202.6
31.667,-449.6,-123.9,192.1
31.700,-449.6,-123.9,138.7
31.733,-449.6,-123.9,121.2
31.767,-449.6,-123.9,132.4
31.800,-449.6,-123.9,140.9
31.833,-449.6,-123.9,206.1
31.867,-449.6,-123.9,211.1
31.900,-449.6,-123.9,222.1
31.933,-449.6,-123.9,214.3
31.967,-449.6,-123.9,214.9
32.000,-449.6,-123.9,202.5
32.033,-449.6,-123.9,202.7
32.067,-449.6,-123.9,198.3
32.100,-449.6,-123.9,189.5
32.133,-449.6,-123.9,117.7
32.167,-449.6,-123.9,131.1
32.200,-449.6,-123.9,118.1
32.233,-449.6,-123.9,130.9
32.267,-449.6,-123.9,161.0
32.300,-449.6,-123.9,203.4
32.333,-449.6,-123.9,203.6
32.367,-449.6,-123.9,209.5
32.400,-449.6,-123.9,201.4
32.433,-449.6,-123.9,205.8
32.467,-449.6,-123.9,190.1
32.500,-449.6,-123.9,203.4
32.533,-449.6,-123.9,189.9
32.567,-449.6,-123.9,136.5
32.600,-449.6,-123.9,119.3
32.633,-449.6,-123.9,127.9
32.667,-449.6,-123.9,143.4
32.700,-449.6,-123.9,212.5
32.733,-449.6,-123.9,212.2
32.767,-449.6,-123.9,220.4
32.800,-449.6,-123.9,213.8
32.833,-449.6,-123.9,216.5
32.867,-449.6,-123.9,203.3
32.900,-449.6,-123.9,202.9
32.933,-449.6,-123.9,198.8
32.967,-449.6,-123.9,181.2
33.000,-449.6,-123.9,118.1
33.033,-449.6,-123.9,129.8
33.067,-449.6,-123.9,118.3
33.100,-449.6,-123.9,134.4
33.133,-449.6,-123.9,167.6
33.167,-449.6,-123.9,204.1
33.200,-449.6,-123.9,203.5
33.233,-449.6,-123.9,209.3
33.267,-449.6,-123.9,202.7
33.300,-449.6,-123.9,201.1
33.333,-449.6,-123.9,190.4
33.367,-449.6,-123.9,204.3
33.400,-449.6,-123.9,186.9
33.433,-449.6,-123.9,131.3
33.467,-449.6,-123.9,121.0
33.500,-449.6,-123.9,132.0
33.533,-449.6,-123.9,147.8
33.567,-449.6,-123.9,208.6
33.600,-449.6,-123.9,211.6
33.633,-449.6,-123.9,221.8
33.667,-449.6,-123.9,212.9
33.700,-449.6,-123.9,215.4
33.733,-449.6,-123.9,201.3
33.767,-449.6,-123.9,202.1
33.800,-449.6,-123.9,201.0
33.833,-449.6,-123.9,178.4
33.867,-449.6,-123.9,116.1
33.900,-449.6,-123.9,129.4
33.933,-449.6,-123.9,116.7
33.967,-449.6,-123.9,134.5
34.000,-449.6,-123.9,165.2
34.033,-449.6,-123.9,205.2
34.067,-449.6,-123.9,206.6
34.100,-449.6,-123.9,211.3
34.133,-449.6,-123.9,200.1
34.167,-449.6,-123.9,202.5
34.200,-449.6,-123.9,188.5
34.233,-449.6,-123.9,200.6
34.267,-449.6,-123.9,184.7
34.300,-449.6,-123.9,136.0
34.333,-449.6,-123.9,124.1
34.367,-449.6,-123.9,132.2
34.400,-449.6,-123.9,144.1
34.433,-449.6,-123.9,206.7
34.467,-449.6,-123.9,208.5
34.500,-449.6,-123.9,219.2
34.533,-449.6,-123.9,213.6
34.567,-449.6,-123.9,214.3
34.600,-449.6,-123.9,201.0
34.633,-449.6,-123.9,201.8
34.667,-449.6,-123.9,197.8
34.700,-449.6,-123.9,185.9
34.733,-449.6,-123.9,113.8
34.767,-449.6,-123.9,126.0
34.800,-449.6,-123.9,114.8
34.833,-449.6,-123.9,131.6
34.867,-449.6,-123.9,163.9
34.900,-449.6,-123.9,205.4
34.933,-449.6,-123.9,204.1
34.967,-449.6,-123.9,213.3
35.000,-449.6,-123.9,202.0
35.033,-449.6,-123.9,203.9
35.067,-449.6,-123.9,190.9
35.100,-449.6,-123.9,204.0
35.133,-449.6,-123.9,183.6
35.167,-449.6,-123.9,129.8
35.200,-449.6,-123.9,118.2
35.233,-449.6,-123.9,130.9
35.267,-449.6,-123.9,146.4
35.300,-449.6,-123.9,210.1
35.333,-449.6,-123.9,211.4
35.367,-449.6,-123.9,219.2
35.400,-449.6,-123.9,212.5
35.433,-449.6,-123.9,214.7
35.467,-449.6,-123.9,200.7
35.500,-449.6,-123.9,201.3
35.533,-449.6,-123.9,198.2
35.567,-449.6,-123.9,182.5
35.600,-449.6,-123.9,120.1
35.633,-449.6,-123.9,128.6
35.667,-449.6,-123.9,117.2
35.700,-449.6,-123.9,134.7
35.733,-449.6,-123.9,168.9
35.767,-449.6,-123.9,206.6
35.800,-449.6,-123.9,203.3
35.833,-449.6,-123.9,211.6
35.867,-449.6,-123.9,202.4
35.900,-449.6,-123.9,204.6
35.933,-449.6,-123.9,188.6
35.967,-449.6,-123.9,201.7
36.000,-449.6,-123.9,188.9
36.033,-449.6,-123.9,134.9
36.067,-449.6,-123.9,118.8
36.100,-449.6,-123.9,127.3
36.133,-449.6,-123.9,147.7
36.167,-449.6,-123.9,207.9
36.200,-449.6,-123.9,209.7
36.233,-449.6,-123.9,221.0
36.267,-449.6,-123.9,212.0
36.300,-449.6,-123.9,213.8
36.333,-449.6,-123.9,200.3
36.367,-449.6,-123.9,201.0
36.400,-449.6,-123.9,197.9
36.433,-449.6,-123.9,179.2
36.467,-449.6,-123.9,116.5
36.500,-449.6,-123.9,131.2
36.533,-449.6,-123.9,115.6
36.567,-449.6,-123.9,135.6
36.600,-449.6,-123.9,171.7
36.633,-449.6,-123.9,206.3
36.667,-449.6,-123.9,202.4
36.700,-449.6,-123.9,208.0
36.733,-449.6,-123.9,203.0
36.767,-449.6,-123.9,204.9
36.800,-449.6,-123.9,190.9
36.833,-449.6,-123.9,204.1
36.867,-449.6,-123.9,184.9
36.900,-449.6,-123.9,131.4
36.933,-449.6,-123.9,122.8
36.967,-449.6,-123.9,130.7
37.000,-449.6,-123.9,150.5
37.033,-449.6,-123.9,210.9
37.067,-449.6,-123.9,211.9
37.100,-449.6,-123.9,222.5
37.133,-449.6,-123.9,211.5
37.167,-449.6,-123.9,212.2
37.200,-449.6,-123.9,197.9
37.233,-449.6,-123.9,202.1
37.267,-449.6,-123.9,200.0
37.300,-449.6,-123.9,175.7
37.333,-449.6,-123.9,119.1
37.367,-449.6,-123.9,129.4
37.400,-449.6,-123.9,117.9
37.433,-449.6,-123.9,132.7
37.467,-449.6,-123.9,172.7
37.500,-449.6,-123.9,209.7
37.533,-449.6,-123.9,208.3
37.567,-449.6,-123.9,213.0
37.600,-449.6,-123.9,202.6
37.633,-449.6,-123.9,204.6
37.667,-449.6,-123.9,189.2
37.700,-449.6,-123.9,203.8
37.733,-449.6,-123.9,179.7
37.767,-449.6,-123.9,130.4
37.800,-449.6,-123.9,118.8
37.833,-449.6,-123.9,128.0
37.867,-449.6,-123.9,158.5
37.900,-449.6,-123.9,208.6
37.933,-449.6,-123.9,209.0
37.967,-449.6,-123.9,220.5
38.000,-449.6,-123.9,211.1
38.033,-449.6,-123.9,212.3
38.067,-449.6,-123.9,198.0
38.100,-449.6,-123.9,201.0
38.133,-449.6,-123.9,198.5
38.167,-449.6,-123.9,162.2
38.200,-449.6,-123.9,118.5
38.233,-449.6,-123.9,128.1
38.267,-449.6,-123.9,118.8
38.300,-449.6,-123.9,138.5
38.333,-449.6,-123.9,179.8
38.367,-449.6,-123.9,207.8
38.400,-449.6,-123.9,207.3
38.433,-449.6,-123.9,212.0
38.467,-449.6,-123.9,200.6
38.500,-449.6,-123.9,202.0
38.533,-449.6,-123.9,187.8
38.567,-449.6,-123.9,206.7
38.600,-449.6,-123.9,172.1
38.633,-449.6,-123.9,129.2
38.667,-449.6,-123.9,117.0
38.700,-449.6,-123.9,131.8
38.733,-449.6,-123.9,172.4
38.767,-449.6,-123.9,214.6
38.800,-449.6,-123.9,214.5
38.833,-449.6,-123.9,219.6
38.867,-449.6,-123.9,209.0
38.900,-449.6,-123.9,209.7
38.933,-449.6,-123.9,193.7
38.967,-449.6,-123.9,201.9
39.000,-449.6,-123.9,195.2
39.033,-449.6,-123.9,134.0
39.067,-449.6,-123.9,119.0
39.100,-449.6,-123.9,127.8
39.133,-449.6,-123.9,118.6
39.167,-449.6,-123.9,158.3
39.200,-449.6,-123.9,187.0
39.233,-449.6,-123.9,211.4
39.267,-449.6,-123.9,205.9
39.300,-449.6,-123.9,210.9
39.333,-449.6,-123.9,198.3
39.367,-449.6,-123.9,202.6
39.400,-449.6,-123.9,189.0
39.433,-449.6,-123.9,209.0
39.467,-449.6,-123.9,152.1
39.500,-449.6,-123.9,132.9
39.533,-449.6,-123.9,122.6
39.567,-449.6,-123.9,135.0
39.600,-449.6,-123.9,180.2
39.633,-449.6,-123.9,215.0
39.667,-449.6,-123.9,214.6
39.700,-449.6,-123.9,220.9
39.733,-449.6,-123.9,209.9
39.767,-449.6,-123.9,212.1
39.800,-449.6,-123.9,196.4
39.833,-449.6,-123.9,206.0
39.867,-449.6,-123.9,189.2
39.900,-449.6,-123.9,129.2
39.933,-449.6,-123.9,115.6
39.967,-449.6,-123.9,129.8
40.000,-449.6,-123.9,119.8
40.033,-449.6,-123.9,171.0
40.067,-449.6,-123.9,196.4
40.100,-449.6,-123.9,213.1
40.133,-449.6,-123.9,207.9
40.167,-449.6,-123.9,209.6
40.200,-449.6,-123.9,197.1
40.233,-449.6,-123.9,200.1
40.267,-449.6,-123.9,190.3
40.300,-449.6,-123.9,208.2
40.333,-449.6,-123.9,133.7
40.367,-449.6,-123.9,128.9
40.400,-449.6,-123.9,122.0
40.433,-449.6,-123.9,146.6
40.467,-449.6,-123.9,193.3
40.500,-449.6,-123.9,217.0
40.533,-449.6,-123.9,216.4
40.567,-449.6,-123.9,221.2
40.600,-449.6,-123.9,210.5
40.633,-449.6,-123.9,210.6
40.667,-449.6,-123.9,193.2
40.700,-449.6,-123.9,205.6
40.733,-449.6,-123.9,178.1
40.767,-449.6,-123.9,127.5
40.800,-449.6,-123.9,118.5
40.833,-449.6,-123.9,130.1
40.867,-449.6,-123.9,119.2
40.900,-449.6,-123.9,176.2
40.933,-449.6,-123.9,193.3
40.967,-449.6,-123.9,211.9
41.000,-449.6,-123.9,207.4
41.033,-449.6,-123.9,210.3
41.067,-449.6,-123.9,195.9
41.100,-449.6,-123.9,197.4
41.133,-449.6,-123.9,192.1
41.167,-449.6,-123.9,201.5
41.200,-449.6,-123.9,120.7
41.233,-449.6,-123.9,127.7
41.267,-449.6,-123.9,113.7
41.300,-449.6,-123.9,162.4
41.333,-449.6,-123.9,196.9
41.367,-449.6,-123.9,217.1
41.400,-449.6,-123.9,211.7
41.433,-449.6,-123.9,215.8
41.467,-449.6,-123.9,205.8
41.500,-449.6,-123.9,207.2
41.533,-449.6,-123.9,192.2
41.567,-449.6,-123.9,212.4
41.600,-449.6,-123.9,156.5
41.633,-449.6,-123.9,127.4
41.667,-449.6,-123.9,118.9
41.700,-449.6,-123.9,129.3
41.733,-449.6,-123.9,126.0
41.767,-449.6,-123.9,185.9
41.800,-449.6,-123.9,198.8
41.833,-449.6,-123.9,213.8
41.867,-449.6,-123.9,205.3
41.900,-449.6,-123.9,211.2
41.933,-449.6,-123.9,196.2
41.967,-449.6,-123.9,199.4
42.000,-449.6,-123.9,191.7
42.033,-449.6,-123.9,192.8
42.067,-449.6,-123.9,119.5
42.100,-449.6,-123.9,127.4
42.133,-449.6,-123.9,119.9
42.167,-449.6,-123.9,175.9
42.200,-449.6,-123.9,202.5
42.233,-449.6,-123.9,217.1
42.267,-449.6,-123.9,213.4
42.300,-449.6,-123.9,218.4
42.333,-449.6,-123.9,206.1
42.367,-449.6,-123.9,205.7
42.400,-449.6,-123.9,191.0
42.433,-449.6,-123.9,211.4
42.467,-449.6,-123.9,144.7
42.500,-449.6,-123.9,127.3
42.533,-449.6,-123.9,118.3
42.567,-449.6,-123.9,125.8
42.600,-449.6,-123.9,134.6
42.633,-449.6,-123.9,193.7
42.667,-449.6,-123.9,204.3
42.700,-449.6,-123.9,214.9
42.733,-449.6,-123.9,207.0
42.767,-449.6,-123.9,208.5
42.800,-449.6,-123.9,195.1
42.833,-449.6,-123.9,198.6
42.867,-449.6,-123.9,198.4
42.900,-449.6,-123.9,187.9
42.933,-449.6,-123.9,119.6
42.967,-449.6,-123.9,129.0
43.000,-449.6,-123.9,123.7
43.033,-449.6,-123.9,186.0
43.067,-449.6,-123.9,210.2
43.100,-449.6,-123.9,220.5
43.133,-449.6,-123.9,215.1
43.167,-449.6,-123.9,217.8
43.200,-449.6,-123.9,206.4
43.233,-449.6,-123.9,204.4
43.267,-449.6,-123.9,193.6
43.300,-449.6,-123.9,209.8
43.333,-449.6,-123.9,132.8
43.367,-449.6,-123.9,126.1
43.400,-449.6,-123.9,117.6
43.433,-449.6,-123.9,130.5
43.467,-449.6,-123.9,142.4
43.500,-449.6,-123.9,197.3
43.533,-449.6,-123.9,203.3
43.567,-449.6,-123.9,212.9
43.600,-449.6,-123.9,207.1
43.633,-449.6,-123.9,209.2
43.667,-449.6,-123.9,197.0
43.700,-449.6,-123.9,201.4
43.733,-449.6,-123.9,198.0
43.767,-449.6,-123.9,181.3
43.800,-449.6,-123.9,122.5
43.833,-449.6,-123.9,128.7
43.867,-449.6,-123.9,122.1
43.900,-449.6,-123.9,189.6
43.933,-449.6,-123.9,206.5
43.967,-449.6,-123.9,221.8
44.000,-449.6,-123.9,218.0
44.033,-449.6,-123.9,219.7
44.067,-449.6,-123.9,205.6
44.100,-449.6,-123.9,204.9
44.133,-449.6,-123.9,194.6
44.167,-449.6,-123.9,208.1
44.200,-449.6,-123.9,128.5
44.233,-449.6,-123.9,126.7
44.267,-449.6,-123.9,117.5
44.300,-449.6,-123.9,129.1
44.333,-449.6,-123.9,147.9
44.367,-449.6,-123.9,201.4
44.400,-449.6,-123.9,206.7
44.433,-449.6,-123.9,213.0
44.467,-449.6,-123.9,204.9
44.500,-449.6,-123.9,205.0
44.533,-449.6,-123.9,192.0
44.567,-449.6,-123.9,198.0
44.600,-449.6,-123.9,197.3
44.633,-449.6,-123.9,162.2
44.667,-449.6,-123.9,121.4
44.700,-449.6,-123.9,131.2
44.733,-449.6,-123.9,133.1
44.767,-449.6,-123.9,199.1
44.800,-449.6,-123.9,209.5
44.833,-449.6,-123.9,221.2
44.867,-449.6,-123.9,214.4
44.900,-449.6,-123.9,215.8
44.933,-449.6,-123.9,204.3
44.967,-449.6,-123.9,203.3
45.000,-449.6,-123.9,200.0
45.033,-449.6,-123.9,200.7
45.067,-449.6,-123.9,119.5
45.100,-449.6,-123.9,130.2
45.133,-449.6,-123.9,120.6
45.167,-449.6,-123.9,126.6
45.200,-449.6,-123.9,166.1
45.233,-449.6,-123.9,208.6
45.267,-449.6,-123.9,205.2
45.300,-449.6,-123.9,213.6
45.333,-449.6,-123.9,205.5
45.367,-449.6,-123.9,206.0
45.400,-449.6,-123.9,192.2
45.433,-449.6,-123.9,200.0
45.467,-449.6,-123.9,194.2
45.500,-449.6,-123.9,139.7
45.533,-449.6,-123.9,126.1
45.567,-449.6,-123.9,128.1
45.600,-449.6,-123.9,142.4
45.633,-449.6,-123.9,205.6
45.667,-449.6,-123.9,208.9
45.700,-449.6,-123.9,219.7
45.733,-449.6,-123.9,213.2
45.767,-449.6,-123.9,215.1
45.800,-449.6,-123.9,204.0
45.833,-449.6,-123.9,202.6
45.867,-449.6,-123.9,197.7
45.900,-449.6,-123.9,203.6
45.933,-449.6,-123.9,120.5
45.967,-449.6,-123.9,126.9
46.000,-449.6,-123.9,121.8
46.033,-449.6,-123.9,127.7
46.067,-449.6,-123.9,157.3
46.100,-449.6,-123.9,205.1
46.133,-449.6,-123.9,205.5
46.167,-449.6,-123.9,213.7
46.200,-449.6,-123.9,204.4
46.233,-449.6,-123.9,205.5
46.267,-449.6,-123.9,193.5
46.300,-449.6,-123.9,198.6
46.333,-449.6,-123.9,200.0
46.367,-449.6,-123.9,166.7
46.400,-449.6,-123.9,122.1
46.433,-449.6,-123.9,129.5
46.467,-449.6,-123.9,125.9
46.500,-449.6,-123.9,192.2
46.533,-449.6,-123.9,210.5
46.567,-449.6,-123.9,221.6
46.600,-449.6,-123.9,216.4
46.633,-449.6,-123.9,217.1
46.667,-449.6,-123.9,207.6
46.700,-449.6,-123.9,204.7
46.733,-449.6,-123.9,197.2
46.767,-449.6,-123.9,205.2
46.800,-449.6,-123.9,132.5
46.833,-449.6,-123.9,127.7
46.867,-449.6,-123.9,124.2
46.900,-449.6,-123.9,128.3
46.933,-449.6,-123.9,150.1
46.967,-449.6,-123.9,198.9
47.000,-449.6,-123.9,205.0
47.033,-449.6,-123.9,211.8
47.067,-449.6,-123.9,205.6
47.100,-449.6,-123.9,205.8
47.133,-449.6,-123.9,194.1
47.167,-449.6,-123.9,197.8
47.200,-449.6,-123.9,200.5
47.233,-449.6,-123.9,163.8
47.267,-449.6,-123.9,121.0
47.300,-449.6,-123.9,124.8
47.333,-449.6,-123.9,129.1
47.367,-449.6,-123.9,194.7
47.400,-449.6,-123.9,214.4
47.433,-449.6,-123.9,222.7
47.467,-449.6,-123.9,217.3
47.500,-449.6,-123.9,217.5
47.533,-449.6,-123.9,206.9
47.567,-449.6,-123.9,205.7
47.600,-449.6,-123.9,199.6
47.633,-449.6,-123.9,206.9
47.667,-449.6,-123.9,125.0
47.700,-449.6,-123.9,128.2
47.733,-449.6,-123.9,123.0
47.767,-449.6,-123.9,128.0
47.800,-449.6,-123.9,160.6
47.833,-449.6,-123.9,200.5
47.867,-449.6,-123.9,203.8
47.900,-449.6,-123.9,212.2
47.933,-449.6,-123.9,206.2
47.967,-449.6,-123.9,204.8
48.000,-449.6,-123.9,195.0
48.033,-449.6,-123.9,200.2
48.067,-449.6,-123.9,199.6
48.100,-449.6,-123.9,147.8
48.133,-449.6,-123.9,123.4
48.167,-449.6,-123.9,127.5
48.200,-449.6,-123.9,140.1
48.233,-449.6,-123.9,200.3
48.267,-449.6,-123.9,212.8
48.300,-449.6,-123.9,220.4
48.333,-449.6,-123.9,213.5
48.367,-449.6,-123.9,214.2
48.400,-449.6,-123.9,203.5
48.433,-449.6,-123.9,202.1
48.467,-449.6,-123.9,201.3
48.500,-449.6,-123.9,187.4
48.533,-449.6,-123.9,119.4
48.567,-449.6,-123.9,125.7
48.600,-449.6,-123.9,120.4
48.633,-449.6,-123.9,129.1
48.667,-449.6,-123.9,171.8
48.700,-449.6,-123.9,203.7
48.733,-449.6,-123.9,206.2
48.767,-449.6,-123.9,214.2
48.800,-449.6,-123.9,204.2
48.833,-449.6,-123.9,202.8
48.867,-449.6,-123.9,192.1
48.900,-449.6,-123.9,199.7
48.933,-449.6,-123.9,185.4
48.967,-449.6,-123.9,128.4
49.000,-449.6,-123.9,123.7
49.033,-449.6,-123.9,125.8
49.067,-449.6,-123.9,163.1
49.100,-449.6,-123.9,205.5
49.133,-449.6,-123.9,211.9
49.167,-449.6,-123.9,217.4
49.200,-449.6,-123.9,211.2
49.233,-449.6,-123.9,210.0
49.267,-449.6,-123.9,199.3
49.300,-449.6,-123.9,198.7
49.333,-449.6,-123.9,205.8
49.367,-449.6,-123.9,159.7
49.400,-449.6,-123.9,120.3
49.433,-449.6,-123.9,125.0
49.467,-449.6,-123.9,121.7
49.500,-449.6,-123.9,136.5
49.533,-449.6,-123.9,180.9
49.567,-449.6,-123.9,210.0
49.600,-449.6,-123.9,204.4
49.633,-449.6,-123.9,208.1
49.667,-449.6,-123.9,199.6
49.700,-449.6,-123.9,199.8
49.733,-449.6,-123.9,191.1
49.767,-449.6,-123.9,202.8
49.800,-449.6,-123.9,164.8
49.833,-449.6,-123.9,125.8
49.867,-449.6,-123.9,124.2
49.900,-449.6,-123.9,131.4
49.933,-449.6,-123.9,179.5
49.967,-449.6,-123.9,207.9
50.000,-449.6,-123.9,213.8
50.033,-449.6,-123.9,218.1
50.067,-449.6,-123.9,211.7
50.100,-449.6,-123.9,210.1
50.133,-449.6,-123.9,200.9
50.167,-449.6,-123.9,200.8
50.200,-449.6,-123.9,199.9
50.233,-449.6,-123.9,133.7
50.267,-449.6,-123.9,121.8
50.300,-449.6,-123.9,127.1
50.333,-449.6,-123.9,123.7
50.367,-449.6,-123.9,156.7
50.400,-449.6,-123.9,191.0
50.433,-449.6,-123.9,207.1
50.467,-449.6,-123.9,207.6
50.500,-449.6,-123.9,208.8
50.533,-449.6,-123.9,200.5
50.567,-449.6,-123.9,201.1
50.600,-449.6,-123.9,194.5
50.633,-449.6,-123.9,204.3
50.667,-449.6,-123.9,147.0
50.700,-449.6,-123.9,127.2
50.733,-449.6,-123.9,122.5
50.767,-449.6,-123.9,131.3
50.800,-449.6,-123.9,192.6
50.833,-449.6,-123.9,216.7
50.867,-449.6,-123.9,219.2
50.900,-449.6,-123.9,219.7
50.933,-449.6,-123.9,214.3
50.967,-449.6,-123.9,210.3
51.000,-449.6,-123.9,196.8
51.033,-449.6,-123.9,201.3
51.067,-449.6,-123.9,191.5
51.100,-449.6,-123.9,126.5
51.133,-449.6,-123.9,123.1
51.167,-449.6,-123.9,124.9
51.200,-449.6,-123.9,123.6
51.233,-449.6,-123.9,166.4
51.267,-449.6,-123.9,196.7
51.300,-449.6,-123.9,205.8
51.333,-449.6,-123.9,207.9
51.367,-449.6,-123.9,209.9
51.400,-449.6,-123.9,203.2
51.433,-449.6,-123.9,201.0
51.467,-449.6,-123.9,197.3
51.500,-449.6,-123.9,201.8
51.533,-449.6,-123.9,140.1
51.567,-449.6,-123.9,125.6
51.600,-449.6,-123.9,126.0
51.633,-449.6,-123.9,136.4
51.667,-449.6,-123.9,195.4
51.700,-449.6,-123.9,213.5
51.733,-449.6,-123.9,217.4
51.767,-449.6,-123.9,220.7
51.800,-449.6,-123.9,213.3
51.833,-449.6,-123.9,210.0
51.867,-449.6,-123.9,200.0
51.900,-449.6,-123.9,204.2
51.933,-449.6,-123.9,189.1
51.967,-449.6,-123.9,129.5
52.000,-449.6,-123.9,123.2
52.033,-449.6,-123.9,127.5
52.067,-449.6,-123.9,125.7
52.100,-449.6,-123.9,160.7
52.133,-449.6,-123.9,200.8
52.167,-449.6,-123.9,207.7
52.200,-449.6,-123.9,209.6
52.233,-449.6,-123.9,209.5
52.267,-449.6,-123.9,202.5
52.300,-449.6,-123.9,197.4
52.333,-449.6,-123.9,194.1
52.367,-449.6,-123.9,203.2
52.400,-449.6,-123.9,140.9
52.433,-449.6,-123.9,122.4
52.467,-449.6,-123.9,125.8
52.500,-449.6,-123.9,137.8
52.533,-449.6,-123.9,191.4
52.567,-449.6,-123.9,212.4
52.600,-449.6,-123.9,217.5
52.633,-449.6,-123.9,220.5
52.667,-449.6,-123.9,214.7
52.700,-449.6,-123.9,207.7
52.733,-449.6,-123.9,199.9
52.767,-449.6,-123.9,199.7
52.800,-449.6,-123.9,194.9
52.833,-449.6,-123.9,128.0
52.867,-449.6,-123.9,124.8
52.900,-449.6,-123.9,125.4
52.933,-449.6,-123.9,123.9
52.967,-449.6,-123.9,156.2
53.000,-449.6,-123.9,193.4
53.033,-449.6,-123.9,208.8
53.067,-449.6,-123.9,207.7
53.100,-449.6,-123.9,207.2
53.133,-449.6,-123.9,200.3
53.167,-449.6,-123.9,198.4
53.200,-449.6,-123.9,195.1
53.233,-449.6,-123.9,197.7
53.267,-449.6,-123.9,134.6
53.300,-449.6,-123.9,126.6
53.333,-449.6,-123.9,126.7
53.367,-449.6,-123.9,144.1
53.400,-449.6,-123.9,197.0
53.433,-449.6,-123.9,212.9
53.467,-449.6,-123.9,218.6
53.500,-449.6,-123.9,219.6
53.533,-449.6,-123.9,215.0
53.567,-449.6,-123.9,210.6
53.600,-449.6,-123.9,199.7
53.633,-449.6,-123.9,202.3
53.667,-449.6,-123.9,185.3
53.700,-449.6,-123.9,129.1
53.733,-449.6,-123.9,127.7
53.767,-449.6,-123.9,124.3
53.800,-449.6,-123.9,126.9
53.833,-449.6,-123.9,164.7
53.867,-449.6,-123.9,193.8
53.900,-449.6,-123.9,206.9
53.933,-449.6,-123.9,209.2
53.967,-449.6,-123.9,209.9
54.000,-449.6,-123.9,201.8
54.033,-449.6,-123.9,196.4
54.067,-449.6,-123.9,196.0
54.100,-449.6,-123.9,200.1
54.133,-449.6,-123.9,142.4
54.167,-449.6,-123.9,126.6
54.200,-449.6,-123.9,126.6
54.233,-449.6,-123.9,134.9
54.267,-449.6,-123.9,192.1
54.300,-449.6,-123.9,214.0
54.333,-449.6,-123.9,218.0
54.367,-449.6,-123.9,217.6
54.400,-449.6,-123.9,212.4
54.433,-449.6,-123.9,206.5
54.467,-449.6,-123.9,199.5
54.500,-449.6,-123.9,198.1
54.533,-449.6,-123.9,190.0
54.567,-449.6,-123.9,125.8
54.600,-449.6,-123.9,126.1
54.633,-449.6,-123.9,125.1
54.667,-449.6,-123.9,124.8
54.700,-449.6,-123.9,161.8
54.733,-449.6,-123.9,193.2
54.767,-449.6,-123.9,205.2
54.800,-449.6,-123.9,205.8
54.833,-449.6,-123.9,206.3
54.867,-449.6,-123.9,203.1
54.900,-449.6,-123.9,197.5
54.933,-449.6,-123.9,196.1
54.967,-449.6,-123.9,200.1
55.000,-449.6,-123.9,140.4
55.033,-449.6,-123.9,125.2
55.067,-449.6,-123.9,128.8
55.100,-449.6,-123.9,137.8
55.133,-449.6,-123.9,198.6
55.167,-449.6,-123.9,217.0
55.200,-449.6,-123.9,220.5
55.233,-449.6,-123.9,220.9
55.267,-449.6,-123.9,217.7
55.300,-449.6,-123.9,209.3
55.333,-449.6,-123.9,202.5
55.367,-449.6,-123.9,202.0
55.400,-449.6,-123.9,185.3
55.433,-449.6,-123.9,126.9
55.467,-449.6,-123.9,124.9
55.500,-449.6,-123.9,125.7
55.533,-449.6,-123.9,128.1
55.567,-449.6,-123.9,163.9
55.600,-449.6,-123.9,201.4
55.633,-449.6,-123.9,210.6
55.667,-449.6,-123.9,209.6
55.700,-449.6,-123.9,207.3
55.733,-449.6,-123.9,202.2
55.767,-449.6,-123.9,196.9
55.800,-449.6,-123.9,200.9
55.833,-449.6,-123.9,199.0
55.867,-449.6,-123.9,138.4
55.900,-449.6,-123.9,126.2
55.933,-449.6,-123.9,128.1
55.967,-449.6,-123.9,152.3
56.000,-449.6,-123.9,203.4
56.033,-449.6,-123.9,214.1
56.067,-449.6,-123.9,221.3
56.100,-449.6,-123.9,217.8
56.133,-449.6,-123.9,214.0
56.167,-449.6,-123.9,206.5
56.200,-449.6,-123.9,199.4
56.233,-449.6,-123.9,206.0
56.267,-449.6,-123.9,177.4
56.300,-449.6,-123.9,122.1
56.333,-449.6,-123.9,126.8
56.367,-449.6,-123.9,125.8
56.400,-449.6,-123.9,129.1
56.433,-449.6,-123.9,167.1
56.467,-449.6,-123.9,200.5
56.500,-449.6,-123.9,206.6
56.533,-449.6,-123.9,208.8
56.567,-449.6,-123.9,204.1
56.600,-449.6,-123.9,198.4
56.633,-449.6,-123.9,193.4
56.667,-449.6,-123.9,197.3
56.700,-449.6,-123.9,193.5
56.733,-449.6,-123.9,131.0
56.767,-449.6,-123.9,125.6
56.800,-449.6,-123.9,129.3
56.833,-449.6,-123.9,151.9
56.867,-449.6,-123.9,203.8
56.900,-449.6,-123.9,210.4
56.933,-449.6,-123.9,217.3
56.967,-449.6,-123.9,217.3
57.000,-449.6,-123.9,213.5
57.033,-449.6,-123.9,204.1
57.067,-449.6,-123.9,199.7
57.100,-449.6,-123.9,206.3
57.133,-449.6,-123.9,155.0
57.167,-449.6,-123.9,127.6
57.200,-449.6,-123.9,129.9
57.233,-449.6,-123.9,129.8
57.267,-449.6,-123.9,138.9
57.300,-449.6,-123.9,177.9
57.333,-449.6,-123.9,202.3
57.367,-449.6,-123.9,209.5
57.400,-449.6,-123.9,211.6
57.433,-449.6,-123.9,207.8
57.467,-449.6,-123.9,203.1
57.500,-449.6,-123.9,193.1
57.533,-449.6,-123.9,201.2
57.567,-449.6,-123.9,179.4
57.600,-449.6,-123.9,127.2
57.633,-449.6,-123.9,125.3
57.667,-449.6,-123.9,125.6
57.700,-449.6,-123.9,164.0
57.733,-449.6,-123.9,208.7
57.767,-449.6,-123.9,215.9
57.800,-449.6,-123.9,219.3
57.833,-449.6,-123.9,214.6
57.867,-449.6,-123.9,210.7
57.900,-449.6,-123.9,201.2
57.933,-449.6,-123.9,200.4
57.967,-449.6,-123.9,205.8
58.000,-449.6,-123.9,143.8
58.033,-449.6,-123.9,124.4
58.067,-449.6,-123.9,129.9
58.100,-449.6,-123.9,122.9
58.133,-449.6,-123.9,140.7
58.167,-449.6,-123.9,178.7
58.200,-449.6,-123.9,203.0
58.233,-449.6,-123.9,207.0
58.267,-449.6,-123.9,210.5
58.300,-449.6,-123.9,205.5
58.333,-449.6,-123.9,201.8
58.367,-449.6,-123.9,193.5
58.400,-449.6,-123.9,201.9
58.433,-449.6,-123.9,179.1
58.467,-449.6,-123.9,129.6
58.500,-449.6,-123.9,128.6
58.533,-449.6,-123.9,130.9
58.567,-449.6,-123.9,165.1
58.600,-449.6,-123.9,211.9
58.633,-449.6,-123.9,212.1
58.667,-449.6,-123.9,220.0
58.700,-449.6,-123.9,216.5
58.733,-449.6,-123.9,211.7
58.767,-449.6,-123.9,201.6
58.800,-449.6,-123.9,199.3
58.833,-449.6,-123.9,204.5
58.867,-449.6,-123.9,156.1
58.900,-449.6,-123.9,124.9
58.933,-449.6,-123.9,131.9
58.967,-449.6,-123.9,123.0
59.000,-449.6,-123.9,135.5
59.033,-449.6,-123.9,176.3
59.067,-449.6,-123.9,202.5
59.100,-449.6,-123.9,206.3
59.133,-449.6,-123.9,209.7
59.167,-449.6,-123.9,205.0
59.200,-449.6,-123.9,204.4
59.233,-449.6,-123.9,194.2
59.267,-449.6,-123.9,202.2
59.300,-449.6,-123.9,182.8
59.333,-449.6,-123.9,128.3
59.367,-449.6,-123.9,125.6
59.400,-449.6,-123.9,131.7
59.433,-449.6,-123.9,168.7
59.467,-449.6,-123.9,210.4
59.500,-449.6,-123.9,213.6
59.533,-449.6,-123.9,220.0
59.567,-449.6,-123.9,215.1
59.600,-449.6,-123.9,211.4
59.633,-449.6,-123.9,202.1
59.667,-449.6,-123.9,200.6
59.700,-449.6,-123.9,204.3
59.733,-449.6,-123.9,138.5
59.767,-449.6,-123.9,121.2
59.800,-449.6,-123.9,129.4
59.833,-449.6,-123.9,127.3
59.867,-449.6,-123.9,150.3
59.900,-449.6,-123.9,183.9
59.933,-449.6,-123.9,208.5
59.967,-449.6,-123.9,209.0
60.000,-449.6,-123.9,208.7
60.033,-449.6,-123.9,200.4
60.067,-449.6,-123.9,201.1
60.100,-449.6,-123.9,194.9
60.133,-449.6,-123.9,207.5
60.167,-449.6,-123.9,156.0
60.200,-449.6,-123.9,129.3
60.233,-449.6,-123.9,126.9
60.267,-449.6,-123.9,134.6
60.300,-449.6,-123.9,184.9
60.333,-449.6,-123.9,216.2
60.367,-449.6,-123.9,220.0
60.400,-449.6,-123.9,221.9
60.433,-449.6,-123.9,214.8
60.467,-449.6,-123.9,211.2
60.500,-449.6,-123.9,200.2
60.533,-449.6,-123.9,203.0
60.567,-449.6,-123.9,201.3
60.600,-449.6,-123.9,132.0
60.633,-449.6,-123.9,125.9
60.667,-449.6,-123.9,129.8
60.700,-449.6,-123.9,124.3
60.733,-449.6,-123.9,155.9
60.767,-449.6,-123.9,191.1
60.800,-449.6,-123.9,211.8
60.833,-449.6,-123.9,211.0
60.867,-449.6,-123.9,210.2
60.900,-449.6,-123.9,201.7
60.933,-449.6,-123.9,201.3
60.967,-449.6,-123.9,191.2
61.000,-449.6,-123.9,209.2
61.033,-449.6,-123.9,150.9
61.067,-449.6,-123.9,128.2
61.100,-449.6,-123.9,122.5
61.133,-449.6,-123.9,137.4
61.167,-449.6,-123.9,184.6
61.200,-449.6,-123.9,216.7
61.233,-449.6,-123.9,218.2
61.267,-449.6,-123.9,222.5
61.300,-449.6,-123.9,213.1
61.333,-449.6,-123.9,209.0
61.367,-449.6,-123.9,197.8
61.400,-449.6,-123.9,208.5
61.433,-449.6,-123.9,190.5
61.467,-449.6,-123.9,124.3
61.500,-449.6,-123.9,117.4
61.533,-449.6,-123.9,129.0
61.567,-449.6,-123.9,118.4
61.600,-449.6,-123.9,173.1
61.633,-449.6,-123.9,194.7
61.667,-449.6,-123.9,213.6
61.700,-449.6,-123.9,211.1
61.733,-449.6,-123.9,209.4
61.767,-449.6,-123.9,199.8
61.800,-449.6,-123.9,200.4
61.833,-449.6,-123.9,193.1
61.867,-449.6,-123.9,202.9
61.900,-449.6,-123.9,127.0
61.933,-449.6,-123.9,128.1
61.967,-449.6,-123.9,126.3
62.000,-449.6,-123.9,154.8
62.033,-449.6,-123.9,196.9
62.067,-449.6,-123.9,219.8
62.100,-449.6,-123.9,218.3
62.133,-449.6,-123.9,219.7
62.167,-449.6,-123.9,208.2
62.200,-449.6,-123.9,208.0
62.233,-449.6,-123.9,195.0
62.267,-449.6,-123.9,213.5
62.300,-449.6,-123.9,167.2
62.333,-449.6,-123.9,127.0
62.367,-449.6,-123.9,117.3
62.400,-449.6,-123.9,126.7
62.433,-449.6,-123.9,124.0
62.467,-449.6,-123.9,187.6
62.500,-449.6,-123.9,197.9
62.533,-449.6,-123.9,212.3
62.567,-449.6,-123.9,209.0
62.600,-449.6,-123.9,210.0
62.633,-449.6,-123.9,197.1
62.667,-449.6,-123.9,198.4
62.700,-449.6,-123.9,193.2
62.733,-449.6,-123.9,189.6
62.767,-449.6,-123.9,119.9
62.800,-449.6,-123.9,127.0
62.833,-449.6,-123.9,117.3
62.867,-449.6,-123.9,175.3
62.900,-449.6,-123.9,201.4
62.933,-449.6,-123.9,219.3
62.967,-449.6,-123.9,216.1
63.000,-449.6,-123.9,220.7
63.033,-449.6,-123.9,209.4
63.067,-449.6,-123.9,208.9
63.100,-449.6,-123.9,192.6
63.133,-449.6,-123.9,212.7
63.167,-449.6,-123.9,165.7
63.200,-449.6,-123.9,130.3
63.233,-449.6,-123.9,118.1
63.267,-449.6,-123.9,128.7
63.300,-449.6,-123.9,125.3
63.333,-449.6,-123.9,181.4
63.367,-449.6,-123.9,195.7
63.400,-449.6,-123.9,212.3
63.433,-449.6,-123.9,204.7
63.467,-449.6,-123.9,208.0
63.500,-449.6,-123.9,195.0
63.533,-449.6,-123.9,198.0
63.567,-449.6,-123.9,192.0
63.600,-449.6,-123.9,197.7
63.633,-449.6,-123.9,123.2
63.667,-449.6,-123.9,128.2
63.700,-449.6,-123.9,121.6
63.733,-449.6,-123.9,162.2
63.767,-449.6,-123.9,194.3
63.800,-449.6,-123.9,217.8
63.833,-449.6,-123.9,214.9
63.867,-449.6,-123.9,219.3
63.900,-449.6,-123.9,209.2
63.933,-449.6,-123.9,209.3
63.967,-449.6,-123.9,195.4
64.000,-449.6,-123.9,209.9
64.033,-449.6,-123.9,179.1
64.067,-449.6,-123.9,128.3
64.100,-449.6,-123.9,118.6
64.133,-449.6,-123.9,127.2
64.167,-449.6,-123.9,120.4
64.200,-449.6,-123.9,172.0
64.233,-449.6,-123.9,190.9
64.267,-449.6,-123.9,209.7
64.300,-449.6,-123.9,206.4
64.333,-449.6,-123.9,209.6
64.367,-449.6,-123.9,198.5
64.400,-449.6,-123.9,200.4
64.433,-449.6,-123.9,191.2
64.467,-449.6,-123.9,200.3
64.500,-449.6,-123.9,121.6
64.533,-449.6,-123.9,130.3
64.567,-449.6,-123.9,119.8
64.600,-449.6,-123.9,161.0
64.633,-449.6,-123.9,192.7
64.667,-449.6,-123.9,217.2
64.700,-449.6,-123.9,216.7
64.733,-449.6,-123.9,221.5
64.767,-449.6,-123.9,209.4
64.800,-449.6,-123.9,209.6
64.833,-449.6,-123.9,193.9
64.867,-449.6,-123.9,207.7
64.900,-449.6,-123.9,173.2
64.933,-449.6,-123.9,126.9
64.967,-449.6,-123.9,116.5
65.000,-449.6,-123.9,127.5
65.033,-449.6,-123.9,121.2
65.067,-449.6,-123.9,179.0
65.100,-449.6,-123.9,192.1
65.133,-449.6,-123.9,209.2
65.167,-449.6,-123.9,202.4
65.200,-449.6,-123.9,207.4
65.233,-449.6,-123.9,196.5
65.267,-449.6,-123.9,198.8
65.300,-449.6,-123.9,192.6
65.333,-449.6,-123.9,191.9
65.367,-449.6,-123.9,117.6
65.400,-449.6,-123.9,128.8
65.433,-449.6,-123.9,120.6
65.467,-449.6,-123.9,166.6
65.500,-449.6,-123.9,195.8
65.533,-449.6,-123.9,217.0
65.567,-449.6,-123.9,217.4
65.600,-449.6,-123.9,217.8
65.633,-449.6,-123.9,205.3
65.667,-449.6,-123.9,206.0
65.700,-449.6,-123.9,191.0
65.733,-449.6,-123.9,209.9
65.767,-449.6,-123.9,160.2
65.800,-449.6,-123.9,128.3
65.833,-449.6,-123.9,119.6
65.867,-449.6,-123.9,127.6
65.900,-449.6,-123.9,125.1
65.933,-449.6,-123.9,184.4
65.967,-449.6,-123.9,193.1
66.000,-449.6,-123.9,210.0
66.033,-449.6,-123.9,203.4
66.067,-449.6,-123.9,207.4
66.100,-449.6,-123.9,196.2
66.133,-449.6,-123.9,199.0
66.167,-449.6,-123.9,192.1
66.200,-449.6,-123.9,192.7
66.233,-449.6,-123.9,120.8
66.267,-449.6,-123.9,130.6
66.300,-449.6,-123.9,119.2
66.333,-449.6,-123.9,172.1
66.367,-449.6,-123.9,196.6
66.400,-449.6,-123.9,216.6
66.433,-449.6,-123.9,212.1
66.467,-449.6,-123.9,216.0
66.500,-449.6,-123.9,207.6
66.533,-449.6,-123.9,208.6
66.567,-449.6,-123.9,191.8
66.600,-449.6,-123.9,208.4
66.633,-449.6,-123.9,163.1
66.667,-449.6,-123.9,129.3
66.700,-449.6,-123.9,116.9
66.733,-449.6,-123.9,127.9
66.767,-449.6,-123.9,120.5
66.800,-449.6,-123.9,182.2
66.833,-449.6,-123.9,192.9
66.867,-449.6,-123.9,210.5
66.900,-449.6,-123.9,202.3
66.933,-449.6,-123.9,206.0
66.967,-449.6,-123.9,193.4
67.000,-449.6,-123.9,194.6
67.033,-449.6,-123.9,190.9
67.067,-449.6,-123.9,193.9
67.100,-449.6,-123.9,118.2
67.133,-449.6,-123.9,129.0
67.167,-449.6,-123.9,118.5
67.200,-449.6,-123.9,170.7
67.233,-449.6,-123.9,195.6
67.267,-449.6,-123.9,215.8
67.300,-449.6,-123.9,213.7
67.333,-449.6,-123.9,218.9
67.367,-449.6,-123.9,205.0
67.400,-449.6,-123.9,205.5
67.433,-449.6,-123.9,191.9
67.467,-449.6,-123.9,212.0
67.500,-449.6,-123.9,142.6
67.533,-449.6,-123.9,127.3
67.567,-449.6,-123.9,120.0
67.600,-449.6,-123.9,128.1
67.633,-449.6,-123.9,130.6
67.667,-449.6,-123.9,189.2
67.700,-449.6,-123.9,197.6
67.733,-449.6,-123.9,210.9
67.767,-449.6,-123.9,201.4
67.800,-449.6,-123.9,201.3
67.833,-449.6,-123.9,205.4
67.867,-449.6,-123.9,192.6
67.900,-449.6,-123.9,199.1
67.933,-449.6,-123.9,193.8
67.967,-449.6,-123.9,170.3
68.000,-449.6,-123.9,118.3
68.033,-449.6,-123.9,131.4
68.067,-449.6,-123.9,120.2
68.100,-449.6,-123.9,188.7
68.133,-449.6,-123.9,203.5
68.167,-449.6,-123.9,217.6
68.200,-449.6,-123.9,212.4
68.233,-449.6,-123.9,217.4
68.267,-449.6,-123.9,204.7
68.300,-449.6,-123.9,203.8
68.333,-449.6,-123.9,190.3
68.367,-449.6,-123.9,205.7
68.400,-449.6,-123.9,120.0
68.433,-449.6,-123.9,129.1
68.467,-449.6,-123.9,117.3
68.500,-449.6,-123.9,129.1
68.533,-449.6,-123.9,142.6
68.567,-449.6,-123.9,193.0
68.600,-449.6,-123.9,197.3
68.633,-449.6,-123.9,208.5
68.667,-449.6,-123.9,201.3
68.700,-449.6,-123.9,204.9
68.733,-449.6,-123.9,190.3
68.767,-449.6,-123.9,198.7
68.800,-449.6,-123.9,193.9
68.833,-449.6,-123.9,155.0
68.867,-449.6,-123.9,117.9
68.900,-449.6,-123.9,127.4
68.933,-449.6,-123.9,126.0
68.967,-449.6,-123.9,194.1
69.000,-449.6,-123.9,206.9
69.033,-449.6,-123.9,219.7
69.067,-449.6,-123.9,213.8
69.100,-449.6,-123.9,216.8
69.133,-449.6,-123.9,202.5
69.167,-449.6,-123.9,204.2
69.200,-449.6,-123.9,190.6
69.233,-449.6,-123.9,207.8
69.267,-449.6,-123.9,124.3
69.300,-449.6,-123.9,126.3
69.333,-449.6,-123.9,118.0
69.367,-449.6,-123.9,127.7
69.400,-449.6,-123.9,137.6
69.433,-449.6,-123.9,193.2
69.467,-449.6,-123.9,193.5
69.500,-449.6,-123.9,209.8
69.533,-449.6,-123.9,202.0
69.567,-449.6,-123.9,204.8
69.600,-449.6,-123.9,190.3
69.633,-449.6,-123.9,196.9
69.667,-449.6,-123.9,192.4
69.700,-449.6,-123.9,166.3
69.733,-449.6,-123.9,117.2
69.767,-449.6,-123.9,130.7
69.800,-449.6,-123.9,122.2
69.833,-449.6,-123.9,191.5
69.867,-449.6,-123.9,202.9
69.900,-449.6,-123.9,220.4
69.933,-449.6,-123.9,213.8
69.967,-449.6,-123.9,216.0
70.000,-449.6,-123.9,202.0
70.033,-449.6,-123.9,203.8
70.067,-449.6,-123.9,192.3
70.100,-449.6,-123.9,209.6
70.133,-449.6,-123.9,124.1
70.167,-449.6,-123.9,131.1
70.200,-449.6,-123.9,118.2
70.233,-449.6,-123.9,129.0
70.267,-449.6,-123.9,136.5
70.300,-449.6,-123.9,192.8
70.333,-449.6,-123.9,199.6
70.367,-449.6,-123.9,211.1
70.400,-449.6,-123.9,200.5
70.433,-449.6,-123.9,203.9
70.467,-449.6,-123.9,190.1
70.500,-449.6,-123.9,195.9
70.533,-449.6,-123.9,192.8
70.567,-449.6,-123.9,167.0
70.600,-449.6,-123.9,118.6
70.633,-449.6,-123.9,129.1
70.667,-449.6,-123.9,123.0
70.700,-449.6,-123.9,190.2
70.733,-449.6,-123.9,201.6
70.767,-449.6,-123.9,217.4
70.800,-449.6,-123.9,212.7
70.833,-449.6,-123.9,213.6
70.867,-449.6,-123.9,200.9
70.900,-449.6,-123.9,203.2
70.933,-449.6,-123.9,190.7
70.967,-449.6,-123.9,207.2
71.000,-449.6,-123.9,123.9
71.033,-449.6,-123.9,129.9
