region_A
t,x,y,luma
0.000,-422.0,-198.7,68.5
0.033,-422.0,-198.7,66.0
0.067,-422.0,-198.7,59.8
0.100,-422.0,-198.7,97.7
0.133,-422.0,-198.7,161.0
0.167,-422.0,-198.7,197.2
0.200,-422.0,-198.7,194.2
0.233,-422.0,-198.7,204.2
0.267,-422.0,-198.7,190.9
0.300,-422.0,-198.7,191.8
0.333,-422.0,-198.7,170.3
0.367,-422.0,-198.7,179.8
0.400,-422.0,-198.7,134.0
0.433,-422.0,-198.7,66.1
0.467,-422.0,-198.7,59.1
0.500,-422.0,-198.7,63.5
0.533,-422.0,-198.7,60.4
0.567,-422.0,-198.7,117.5
0.600,-422.0,-198.7,155.9
0.633,-422.0,-198.7,185.1
0.667,-422.0,-198.7,180.5
0.700,-422.0,-198.7,187.7
0.733,-422.0,-198.7,176.8
0.767,-422.0,-198.7,178.0
0.800,-422.0,-198.7,162.0
0.833,-422.0,-198.7,170.4
0.867,-422.0,-198.7,88.8
0.900,-422.0,-198.7,66.4
0.933,-422.0,-198.7,63.2
0.967,-422.0,-198.7,77.8
1.000,-422.0,-198.7,138.5
1.033,-422.0,-198.7,187.8
1.067,-422.0,-198.7,190.0
1.100,-422.0,-198.7,200.9
1.133,-422.0,-198.7,196.2
1.167,-422.0,-198.7,196.7
1.200,-422.0,-198.7,176.6
1.233,-422.0,-198.7,178.7
1.267,-422.0,-198.7,155.4
1.300,-422.0,-198.7,82.8
1.333,-422.0,-198.7,58.6
1.367,-422.0,-198.7,64.3
1.400,-422.0,-198.7,59.2
1.433,-422.0,-198.7,86.2
1.467,-422.0,-198.7,136.4
1.500,-422.0,-198.7,172.8
1.533,-422.0,-198.7,173.7
1.567,-422.0,-198.7,185.9
1.600,-422.0,-198.7,173.1
1.633,-422.0,-198.7,175.4
1.667,-422.0,-198.7,159.1
1.700,-422.0,-198.7,170.5
1.733,-422.0,-198.7,102.8
1.767,-422.0,-198.7,67.4
1.800,-422.0,-198.7,64.7
1.833,-422.0,-198.7,70.5
1.867,-422.0,-198.7,116.1
1.900,-422.0,-198.7,177.9
1.933,-422.0,-198.7,184.1
1.967,-422.0,-198.7,198.6
2.000,-422.0,-198.7,190.0
2.033,-422.0,-198.7,193.6
2.067,-422.0,-198.7,178.0
2.100,-422.0,-198.7,177.3
2.133,-422.0,-198.7,165.8
2.167,-422.0,-198.7,104.5
2.200,-422.0,-198.7,59.2
2.233,-422.0,-198.7,66.1
2.267,-422.0,-198.7,62.6
2.300,-422.0,-198.7,79.1
2.333,-422.0,-198.7,121.6
2.367,-422.0,-198.7,168.8
2.400,-422.0,-198.7,173.0
2.433,-422.0,-198.7,184.0
2.467,-422.0,-198.7,177.1
2.500,-422.0,-198.7,180.2
2.533,-422.0,-198.7,162.3
2.567,-422.0,-198.7,171.7
2.600,-422.0,-198.7,129.0
2.633,-422.0,-198.7,72.9
2.667,-422.0,-198.7,60.6
2.700,-422.0,-198.7,65.5
2.733,-422.0,-198.7,98.6
2.767,-422.0,-198.7,176.2
2.800,-422.0,-198.7,186.5
2.833,-422.0,-198.7,200.4
2.867,-422.0,-198.7,196.0
2.900,-422.0,-198.7,198.8
2.933,-422.0,-198.7,182.1
2.967,-422.0,-198.7,179.6
3.000,-422.0,-198.7,170.6
3.033,-422.0,-198.7,124.4
3.067,-422.0,-198.7,58.8
3.100,-422.0,-198.7,66.4
3.133,-422.0,-198.7,56.7
3.167,-422.0,-198.7,74.8
3.200,-422.0,-198.7,123.9
3.233,-422.0,-198.7,173.8
3.267,-422.0,-198.7,179.1
3.300,-422.0,-198.7,189.8
3.333,-422.0,-198.7,181.9
3.367,-422.0,-198.7,184.7
3.400,-422.0,-198.7,169.6
3.433,-422.0,-198.7,169.5
3.467,-422.0,-198.7,175.8
3.500,-422.0,-198.7,138.4
3.533,-422.0,-198.7,75.2
3.567,-422.0,-198.7,60.1
3.600,-422.0,-198.7,66.0
3.633,-422.0,-198.7,93.3
3.667,-422.0,-198.7,174.8
3.700,-422.0,-198.7,190.6
3.733,-422.0,-198.7,204.5
3.767,-422.0,-198.7,197.5
3.800,-422.0,-198.7,200.3
3.833,-422.0,-198.7,186.0
3.867,-422.0,-198.7,179.8
3.900,-422.0,-198.7,172.2
3.933,-422.0,-198.7,150.9
3.967,-422.0,-198.7,63.6
4.000,-422.0,-198.7,66.0
4.033,-422.0,-198.7,59.8
4.067,-422.0,-198.7,65.7
4.100,-422.0,-198.7,114.0
4.133,-422.0,-198.7,173.0
4.167,-422.0,-198.7,181.0
4.200,-422.0,-198.7,196.2
4.233,-422.0,-198.7,185.4
4.267,-422.0,-198.7,188.6
4.300,-422.0,-198.7,171.7
4.333,-422.0,-198.7,175.6
4.367,-422.0,-198.7,163.5
4.400,-422.0,-198.7,105.6
4.433,-422.0,-198.7,60.5
4.467,-422.0,-198.7,65.8
4.500,-422.0,-198.7,68.8
4.533,-422.0,-198.7,145.3
4.567,-422.0,-198.7,187.8
4.600,-422.0,-198.7,207.4
4.633,-422.0,-198.7,198.0
4.667,-422.0,-198.7,202.7
4.700,-422.0,-198.7,193.2
4.733,-422.0,-198.7,191.2
4.767,-422.0,-198.7,172.4
4.800,-422.0,-198.7,187.7
4.833,-422.0,-198.7,100.3
4.867,-422.0,-198.7,65.1
4.900,-422.0,-198.7,58.3
4.933,-422.0,-198.7,63.2
4.967,-422.0,-198.7,78.8
5.000,-422.0,-198.7,151.0
5.033,-422.0,-198.7,183.1
5.067,-422.0,-198.7,197.4
5.100,-422.0,-198.7,189.2
5.133,-422.0,-198.7,192.3
5.167,-422.0,-198.7,181.0
5.200,-422.0,-198.7,180.1
5.233,-422.0,-198.7,170.3
5.267,-422.0,-198.7,146.6
5.300,-422.0,-198.7,61.6
5.333,-422.0,-198.7,62.2
5.367,-422.0,-198.7,61.5
5.400,-422.0,-198.7,115.3
5.433,-422.0,-198.7,176.0
5.467,-422.0,-198.7,201.6
5.500,-422.0,-198.7,203.7
5.533,-422.0,-198.7,205.6
5.567,-422.0,-198.7,193.6
5.600,-422.0,-198.7,187.7
5.633,-422.0,-198.7,169.5
5.667,-422.0,-198.7,184.3
5.700,-422.0,-198.7,106.4
5.733,-422.0,-198.7,60.8
5.767,-422.0,-198.7,56.6
5.800,-422.0,-198.7,63.1
5.833,-422.0,-198.7,71.3
5.867,-422.0,-198.7,146.5
5.900,-422.0,-198.7,177.8
5.933,-422.0,-198.7,195.2
5.967,-422.0,-198.7,190.4
6.000,-422.0,-198.7,190.1
6.033,-422.0,-198.7,180.7
6.067,-422.0,-198.7,179.6
6.100,-422.0,-198.7,169.3
6.133,-422.0,-198.7,149.9
6.167,-422.0,-198.7,62.5
6.200,-422.0,-198.7,65.3
6.233,-422.0,-198.7,62.7
6.267,-422.0,-198.7,115.2
6.300,-422.0,-198.7,180.3
6.333,-422.0,-198.7,198.4
6.367,-422.0,-198.7,198.1
6.400,-422.0,-198.7,203.4
6.433,-422.0,-198.7,192.1
6.467,-422.0,-198.7,191.0
6.500,-422.0,-198.7,176.2
6.533,-422.0,-198.7,182.4
6.567,-422.0,-198.7,107.7
6.600,-422.0,-198.7,61.3
6.633,-422.0,-198.7,60.8
6.667,-422.0,-198.7,63.2
6.700,-422.0,-198.7,73.0
6.733,-422.0,-198.7,143.3
6.767,-422.0,-198.7,175.8
6.800,-422.0,-198.7,197.2
6.833,-422.0,-198.7,188.4
6.867,-422.0,-198.7,192.1
6.900,-422.0,-198.7,179.8
6.933,-422.0,-198.7,176.0
6.967,-422.0,-198.7,169.7
7.000,-422.0,-198.7,144.4
7.033,-422.0,-198.7,62.4
7.067,-422.0,-198.7,63.3
7.100,-422.0,-198.7,60.5
7.133,-422.0,-198.7,112.6
7.167,-422.0,-198.7,180.1
7.200,-422.0,-198.7,200.4
7.233,-422.0,-198.7,199.8
7.267,-422.0,-198.7,203.3
7.300,-422.0,-198.7,198.4
7.333,-422.0,-198.7,194.5
7.367,-422.0,-198.7,172.6
7.400,-422.0,-198.7,185.2
7.433,-422.0,-198.7,110.8
7.467,-422.0,-198.7,64.6
7.500,-422.0,-198.7,60.5
7.533,-422.0,-198.7,63.3
7.567,-422.0,-198.7,75.4
7.600,-422.0,-198.7,152.5
7.633,-422.0,-198.7,182.8
7.667,-422.0,-198.7,193.9
7.700,-422.0,-198.7,190.5
7.733,-422.0,-198.7,188.9
7.767,-422.0,-198.7,172.3
7.800,-422.0,-198.7,174.1
7.833,-422.0,-198.7,170.9
7.867,-422.0,-198.7,137.6
7.900,-422.0,-198.7,63.4
7.933,-422.0,-198.7,62.6
7.967,-422.0,-198.7,60.7
8.000,-422.0,-198.7,127.3
8.033,-422.0,-198.7,187.1
8.067,-422.0,-198.7,200.5
8.100,-422.0,-198.7,200.1
8.133,-422.0,-198.7,202.2
8.167,-422.0,-198.7,191.5
8.200,-422.0,-198.7,189.8
8.233,-422.0,-198.7,174.1
8.267,-422.0,-198.7,181.8
8.300,-422.0,-198.7,111.9
8.333,-422.0,-198.7,62.8
8.367,-422.0,-198.7,57.1
8.400,-422.0,-198.7,65.9
8.433,-422.0,-198.7,75.0
8.467,-422.0,-198.7,143.3
8.500,-422.0,-198.7,182.0
8.533,-422.0,-198.7,196.3
8.567,-422.0,-198.7,191.7
8.600,-422.0,-198.7,190.5
8.633,-422.0,-198.7,178.8
8.667,-422.0,-198.7,178.4
8.700,-422.0,-198.7,169.9
8.733,-422.0,-198.7,167.3
8.767,-422.0,-198.7,75.0
8.800,-422.0,-198.7,62.3
8.833,-422.0,-198.7,59.7
8.867,-422.0,-198.7,90.8
8.900,-422.0,-198.7,167.1
8.933,-422.0,-198.7,196.9
8.967,-422.0,-198.7,191.6
9.000,-422.0,-198.7,197.5
9.033,-422.0,-198.7,188.4
9.067,-422.0,-198.7,188.4
9.100,-422.0,-198.7,170.6
9.133,-422.0,-198.7,177.7
9.167,-422.0,-198.7,156.0
9.200,-422.0,-198.7,71.1
9.233,-422.0,-198.7,56.9
9.267,-422.0,-198.7,63.7
9.300,-422.0,-198.7,61.3
9.333,-422.0,-198.7,109.2
9.367,-422.0,-198.7,170.5
9.400,-422.0,-198.7,196.2
9.433,-422.0,-198.7,192.4
9.467,-422.0,-198.7,193.8
9.500,-422.0,-198.7,183.9
9.533,-422.0,-198.7,182.4
9.567,-422.0,-198.7,173.3
9.600,-422.0,-198.7,180.8
9.633,-422.0,-198.7,106.6
9.667,-422.0,-198.7,63.5
9.700,-422.0,-198.7,61.0
9.733,-422.0,-198.7,70.5
9.767,-422.0,-198.7,137.6
9.800,-422.0,-198.7,197.4
9.833,-422.0,-198.7,202.7
9.867,-422.0,-198.7,207.3
9.900,-422.0,-198.7,200.3
9.933,-422.0,-198.7,199.8
9.967,-422.0,-198.7,187.0
10.000,-422.0,-198.7,179.9
10.033,-422.0,-198.7,175.0
10.067,-422.0,-198.7,100.0
10.100,-422.0,-198.7,61.6
10.133,-422.0,-198.7,62.0
10.167,-422.0,-198.7,61.1
10.200,-422.0,-198.7,85.6
10.233,-422.0,-198.7,150.4
10.267,-422.0,-198.7,187.5
10.300,-422.0,-198.7,189.9
10.333,-422.0,-198.7,196.2
10.367,-422.0,-198.7,185.1
10.400,-422.0,-198.7,181.3
10.433,-422.0,-198.7,171.1
10.467,-422.0,-198.7,176.6
10.500,-422.0,-198.7,114.7
10.533,-422.0,-198.7,64.5
10.567,-422.0,-198.7,63.2
10.600,-422.0,-198.7,68.7
10.633,-422.0,-198.7,133.4
10.667,-422.0,-198.7,191.0
10.700,-422.0,-198.7,200.7
10.733,-422.0,-198.7,206.5
10.767,-422.0,-198.7,205.6
10.800,-422.0,-198.7,201.2
10.833,-422.0,-198.7,183.4
10.867,-422.0,-198.7,176.8
10.900,-422.0,-198.7,175.4
10.933,-422.0,-198.7,99.7
10.967,-422.0,-198.7,59.0
11.000,-422.0,-198.7,64.2
11.033,-422.0,-198.7,60.6
11.067,-422.0,-198.7,83.2
11.100,-422.0,-198.7,149.4
11.133,-422.0,-198.7,184.3
11.167,-422.0,-198.7,190.2
11.200,-422.0,-198.7,194.4
11.233,-422.0,-198.7,186.4
11.267,-422.0,-198.7,184.2
11.300,-422.0,-198.7,168.4
11.333,-422.0,-198.7,177.4
11.367,-422.0,-198.7,125.0
11.400,-422.0,-198.7,65.5
11.433,-422.0,-198.7,61.3
11.467,-422.0,-198.7,67.0
11.500,-422.0,-198.7,122.6
11.533,-422.0,-198.7,184.0
11.567,-422.0,-198.7,196.1
11.600,-422.0,-198.7,201.6
11.633,-422.0,-198.7,197.8
11.667,-422.0,-198.7,195.0
11.700,-422.0,-198.7,182.7
11.733,-422.0,-198.7,179.0
11.767,-422.0,-198.7,177.1
11.800,-422.0,-198.7,114.6
11.833,-422.0,-198.7,60.8
11.867,-422.0,-198.7,62.7
11.900,-422.0,-198.7,61.6
11.933,-422.0,-198.7,75.5
11.967,-422.0,-198.7,139.1
12.000,-422.0,-198.7,181.4
12.033,-422.0,-198.7,190.9
12.067,-422.0,-198.7,197.0
12.100,-422.0,-198.7,192.5
12.133,-422.0,-198.7,188.0
12.167,-422.0,-198.7,171.7
12.200,-422.0,-198.7,176.5
12.233,-422.0,-198.7,136.4
12.267,-422.0,-198.7,66.6
12.300,-422.0,-198.7,60.7
12.333,-422.0,-198.7,65.0
12.367,-422.0,-198.7,113.6
12.400,-422.0,-198.7,185.6
12.433,-422.0,-198.7,200.7
12.467,-422.0,-198.7,203.3
12.500,-422.0,-198.7,203.8
12.533,-422.0,-198.7,201.3
12.567,-422.0,-198.7,187.0
12.600,-422.0,-198.7,182.2
12.633,-422.0,-198.7,180.1
12.667,-422.0,-198.7,127.3
12.700,-422.0,-198.7,59.5
12.733,-422.0,-198.7,61.9
12.767,-422.0,-198.7,60.6
12.800,-422.0,-198.7,73.1
12.833,-422.0,-198.7,138.6
12.867,-422.0,-198.7,185.2
12.900,-422.0,-198.7,193.0
12.933,-422.0,-198.7,197.1
12.967,-422.0,-198.7,184.9
13.000,-422.0,-198.7,183.3
13.033,-422.0,-198.7,174.4
13.067,-422.0,-198.7,176.4
13.100,-422.0,-198.7,149.2
13.133,-422.0,-198.7,71.2
13.167,-422.0,-198.7,61.8
13.200,-422.0,-198.7,63.1
13.233,-422.0,-198.7,110.3
13.267,-422.0,-198.7,185.6
13.300,-422.0,-198.7,199.4
13.333,-422.0,-198.7,199.8
13.367,-422.0,-198.7,198.7
13.400,-422.0,-198.7,200.4
13.433,-422.0,-198.7,193.0
13.467,-422.0,-198.7,184.5
13.500,-422.0,-198.7,183.9
13.533,-422.0,-198.7,132.6
13.567,-422.0,-198.7,61.9
13.600,-422.0,-198.7,64.1
13.633,-422.0,-198.7,60.0
13.667,-422.0,-198.7,71.1
13.700,-422.0,-198.7,138.4
13.733,-422.0,-198.7,181.4
13.767,-422.0,-198.7,193.3
13.800,-422.0,-198.7,196.9
13.833,-422.0,-198.7,192.9
13.867,-422.0,-198.7,185.3
13.900,-422.0,-198.7,172.0
13.933,-422.0,-198.7,175.8
13.967,-422.0,-198.7,158.2
14.000,-422.0,-198.7,76.1
14.033,-422.0,-198.7,61.0
14.067,-422.0,-198.7,63.5
14.100,-422.0,-198.7,95.1
14.133,-422.0,-198.7,179.1
14.167,-422.0,-198.7,198.7
14.200,-422.0,-198.7,205.5
14.233,-422.0,-198.7,200.9
14.267,-422.0,-198.7,197.9
14.300,-422.0,-198.7,193.1
14.333,-422.0,-198.7,184.9
14.367,-422.0,-198.7,181.1
14.400,-422.0,-198.7,155.1
14.433,-422.0,-198.7,66.6
14.467,-422.0,-198.7,63.3
14.500,-422.0,-198.7,64.1
14.533,-422.0,-198.7,67.0
14.567,-422.0,-198.7,122.2
14.600,-422.0,-198.7,179.8
14.633,-422.0,-198.7,192.6
14.667,-422.0,-198.7,195.6
14.700,-422.0,-198.7,187.6
14.733,-422.0,-198.7,187.2
14.767,-422.0,-198.7,179.5
14.800,-422.0,-198.7,175.4
14.833,-422.0,-198.7,175.5
14.867,-422.0,-198.7,96.4
14.900,-422.0,-198.7,60.7
14.933,-422.0,-198.7,62.0
14.967,-422.0,-198.7,79.6
15.000,-422.0,-198.7,167.3
15.033,-422.0,-198.7,195.0
15.067,-422.0,-198.7,202.4
15.100,-422.0,-198.7,197.3
15.133,-422.0,-198.7,198.4
15.167,-422.0,-198.7,187.3
15.200,-422.0,-198.7,181.7
15.233,-422.0,-198.7,175.4
15.267,-422.0,-198.7,173.8
15.300,-422.0,-198.7,74.2
15.333,-422.0,-198.7,61.4
15.367,-422.0,-198.7,60.6
15.400,-422.0,-198.7,61.6
15.433,-422.0,-198.7,106.1
15.467,-422.0,-198.7,172.5
15.500,-422.0,-198.7,192.1
15.533,-422.0,-198.7,200.9
15.567,-422.0,-198.7,196.2
15.600,-422.0,-198.7,194.2
15.633,-422.0,-198.7,184.1
15.667,-422.0,-198.7,177.6
15.700,-422.0,-198.7,178.8
15.733,-422.0,-198.7,114.3
15.767,-422.0,-198.7,60.9
15.800,-422.0,-198.7,61.7
15.833,-422.0,-198.7,70.0
15.867,-422.0,-198.7,147.8
15.900,-422.0,-198.7,194.6
15.933,-422.0,-198.7,204.1
15.967,-422.0,-198.7,202.9
16.000,-422.0,-198.7,202.3
16.033,-422.0,-198.7,194.2
16.067,-422.0,-198.7,186.8
16.100,-422.0,-198.7,176.6
16.133,-422.0,-198.7,181.2
16.167,-422.0,-198.7,83.7
16.200,-422.0,-198.7,60.1
16.233,-422.0,-198.7,61.3
16.267,-422.0,-198.7,62.1
16.300,-422.0,-198.7,98.9
16.333,-422.0,-198.7,166.1
16.367,-422.0,-198.7,191.6
16.400,-422.0,-198.7,198.8
16.433,-422.0,-198.7,193.9
16.467,-422.0,-198.7,191.8
16.500,-422.0,-198.7,183.5
16.533,-422.0,-198.7,175.2
16.567,-422.0,-198.7,177.7
16.600,-422.0,-198.7,128.3
16.633,-422.0,-198.7,62.8
16.667,-422.0,-198.7,61.6
16.700,-422.0,-198.7,64.8
16.733,-422.0,-198.7,122.1
16.767,-422.0,-198.7,189.6
16.800,-422.0,-198.7,198.6
16.833,-422.0,-198.7,199.0
16.867,-422.0,-198.7,198.9
16.900,-422.0,-198.7,195.6
16.933,-422.0,-198.7,185.5
16.967,-422.0,-198.7,175.8
17.000,-422.0,-198.7,178.6
17.033,-422.0,-198.7,108.0
17.067,-422.0,-198.7,62.1
17.100,-422.0,-198.7,61.1
17.133,-422.0,-198.7,61.2
17.167,-422.0,-198.7,79.9
17.200,-422.0,-198.7,147.7
17.233,-422.0,-198.7,182.8
17.267,-422.0,-198.7,186.7
17.300,-422.0,-198.7,183.4
17.333,-422.0,-198.7,180.1
17.367,-422.0,-198.7,171.8
17.400,-422.0,-198.7,167.9
17.433,-422.0,-198.7,168.5
17.467,-422.0,-198.7,151.1
17.500,-422.0,-198.7,71.3
17.533,-422.0,-198.7,58.0
17.567,-422.0,-198.7,59.4
17.600,-422.0,-198.7,93.3
17.633,-422.0,-198.7,179.8
17.667,-422.0,-198.7,191.8
17.700,-422.0,-198.7,193.1
17.733,-422.0,-198.7,196.2
17.767,-422.0,-198.7,191.6
17.800,-422.0,-198.7,186.5
17.833,-422.0,-198.7,174.9
17.867,-422.0,-198.7,173.8
17.900,-422.0,-198.7,145.3
17.933,-422.0,-198.7,64.0
17.967,-422.0,-198.7,59.0
18.000,-422.0,-198.7,58.8
18.033,-422.0,-198.7,63.7
18.067,-422.0,-198.7,116.0
18.100,-422.0,-198.7,180.1
18.133,-422.0,-198.7,192.4
18.167,-422.0,-198.7,196.0
18.200,-422.0,-198.7,195.8
18.233,-422.0,-198.7,186.8
18.267,-422.0,-198.7,177.3
18.300,-422.0,-198.7,171.1
18.333,-422.0,-198.7,174.1
18.367,-422.0,-198.7,97.2
18.400,-422.0,-198.7,58.4
18.433,-422.0,-198.7,60.7
18.467,-422.0,-198.7,71.2
18.500,-422.0,-198.7,158.2
18.533,-422.0,-198.7,191.9
18.567,-422.0,-198.7,198.3
18.600,-422.0,-198.7,199.3
18.633,-422.0,-198.7,195.3
18.667,-422.0,-198.7,188.3
18.700,-422.0,-198.7,181.0
18.733,-422.0,-198.7,173.9
18.767,-422.0,-198.7,176.0
18.800,-422.0,-198.7,81.7
18.833,-422.0,-198.7,60.2
18.867,-422.0,-198.7,59.2
18.900,-422.0,-198.7,61.3
18.933,-422.0,-198.7,97.5
18.967,-422.0,-198.7,174.3
19.000,-422.0,-198.7,194.9
19.033,-422.0,-198.7,198.4
19.067,-422.0,-198.7,197.8
19.100,-422.0,-198.7,189.7
19.133,-422.0,-198.7,183.8
19.167,-422.0,-198.7,175.4
19.200,-422.0,-198.7,179.0
19.233,-422.0,-198.7,122.7
19.267,-422.0,-198.7,62.1
19.300,-422.0,-198.7,61.6
19.333,-422.0,-198.7,64.4
19.367,-422.0,-198.7,135.6
19.400,-422.0,-198.7,191.9
19.433,-422.0,-198.7,202.0
19.467,-422.0,-198.7,203.0
19.500,-422.0,-198.7,201.9
19.533,-422.0,-198.7,199.4
19.567,-422.0,-198.7,189.6
19.600,-422.0,-198.7,179.4
19.633,-422.0,-198.7,186.7
19.667,-422.0,-198.7,60.6
19.767,-422.0,-198.7,59.6
19.800,-422.0,-198.7,62.0
19.833,-422.0,-198.7,73.0
19.867,-422.0,-198.7,149.6
19.900,-422.0,-198.7,188.5
19.933,-422.0,-198.7,192.0
19.967,-422.0,-198.7,191.2
20.000,-422.0,-198.7,190.4
20.033,-422.0,-198.7,180.2
20.067,-422.0,-198.7,175.0
20.100,-422.0,-198.7,173.2
20.133,-422.0,-198.7,158.4
20.167,-422.0,-198.7,75.3
20.200,-422.0,-198.7,59.8
20.233,-422.0,-198.7,57.8
20.267,-422.0,-198.7,97.2
20.300,-422.0,-198.7,175.9
20.333,-422.0,-198.7,199.7
20.367,-422.0,-198.7,199.7
20.400,-422.0,-198.7,200.1
20.433,-422.0,-198.7,197.0
20.467,-422.0,-198.7,190.0
20.500,-422.0,-198.7,179.4
20.533,-422.0,-198.7,180.5
20.567,-422.0,-198.7,160.6
20.600,-422.0,-198.7,68.0
20.633,-422.0,-198.7,63.3
20.667,-422.0,-198.7,65.1
20.700,-422.0,-198.7,65.5
20.733,-422.0,-198.7,118.8
20.767,-422.0,-198.7,174.2
20.800,-422.0,-198.7,189.5
20.833,-422.0,-198.7,187.3
20.867,-422.0,-198.7,183.8
20.900,-422.0,-198.7,182.2
20.933,-422.0,-198.7,173.6
20.967,-422.0,-198.7,167.2
21.000,-422.0,-198.7,176.1
21.033,-422.0,-198.7,105.4
21.067,-422.0,-198.7,60.6
21.100,-422.0,-198.7,58.5
21.133,-422.0,-198.7,71.3
21.167,-422.0,-198.7,135.1
21.200,-422.0,-198.7,190.2
21.233,-422.0,-198.7,192.4
21.267,-422.0,-198.7,195.9
21.300,-422.0,-198.7,191.8
21.333,-422.0,-198.7,187.0
21.367,-422.0,-198.7,177.4
21.400,-422.0,-198.7,171.3
21.433,-422.0,-198.7,171.3
21.467,-422.0,-198.7,100.7
21.500,-422.0,-198.7,57.0
21.533,-422.0,-198.7,61.8
21.567,-422.0,-198.7,57.5
21.600,-422.0,-198.7,88.5
21.633,-422.0,-198.7,155.9
21.667,-422.0,-198.7,190.2
21.700,-422.0,-198.7,190.0
21.733,-422.0,-198.7,190.0
21.767,-422.0,-198.7,185.8
21.800,-422.0,-198.7,183.2
21.833,-422.0,-198.7,172.6
21.867,-422.0,-198.7,178.6
21.900,-422.0,-198.7,136.7
21.933,-422.0,-198.7,66.6
21.967,-422.0,-198.7,62.1
22.000,-422.0,-198.7,64.1
22.033,-422.0,-198.7,104.0
22.067,-422.0,-198.7,188.2
22.100,-422.0,-198.7,195.0
22.133,-422.0,-198.7,196.9
22.167,-422.0,-198.7,195.2
22.200,-422.0,-198.7,188.2
22.233,-422.0,-198.7,180.2
22.267,-422.0,-198.7,174.9
22.300,-422.0,-198.7,170.2
22.333,-422.0,-198.7,119.7
22.367,-422.0,-198.7,61.9
22.400,-422.0,-198.7,60.7
22.433,-422.0,-198.7,56.9
22.467,-422.0,-198.7,74.9
22.500,-422.0,-198.7,134.1
22.533,-422.0,-198.7,181.1
22.567,-422.0,-198.7,182.1
22.600,-422.0,-198.7,188.0
22.633,-422.0,-198.7,178.3
22.667,-422.0,-198.7,172.5
22.700,-422.0,-198.7,164.4
22.733,-422.0,-198.7,170.6
22.767,-422.0,-198.7,142.5
22.800,-422.0,-198.7,70.9
22.833,-422.0,-198.7,57.7
22.867,-422.0,-198.7,61.3
22.900,-422.0,-198.7,93.3
22.933,-422.0,-198.7,184.6
22.967,-422.0,-198.7,190.1
23.000,-422.0,-198.7,194.8
23.033,-422.0,-198.7,189.5
23.067,-422.0,-198.7,189.6
23.100,-422.0,-198.7,176.3
23.133,-422.0,-198.7,172.9
23.167,-422.0,-198.7,166.8
23.200,-422.0,-198.7,137.0
23.233,-422.0,-198.7,61.1
23.267,-422.0,-198.7,65.1
23.300,-422.0,-198.7,60.9
23.333,-422.0,-198.7,69.2
23.367,-422.0,-198.7,116.4
23.400,-422.0,-198.7,176.9
23.433,-422.0,-198.7,181.0
23.467,-422.0,-198.7,183.0
23.500,-422.0,-198.7,174.3
23.533,-422.0,-198.7,173.0
23.567,-422.0,-198.7,160.4
23.600,-422.0,-198.7,163.4
23.633,-422.0,-198.7,153.4
23.667,-422.0,-198.7,89.6
23.700,-422.0,-198.7,57.1
23.733,-422.0,-198.7,64.4
23.767,-422.0,-198.7,78.4
23.800,-422.0,-198.7,162.3
23.833,-422.0,-198.7,174.4
23.867,-422.0,-198.7,180.9
23.900,-422.0,-198.7,176.9
23.933,-422.0,-198.7,176.3
23.967,-422.0,-198.7,165.5
24.000,-422.0,-198.7,161.9
24.033,-422.0,-198.7,156.9
24.067,-422.0,-198.7,140.4
24.100,-422.0,-198.7,60.3
24.133,-422.0,-198.7,60.8
24.167,-422.0,-198.7,56.3
24.200,-422.0,-198.7,66.4
24.233,-422.0,-198.7,117.8
24.267,-422.0,-198.7,175.4
24.300,-422.0,-198.7,175.2
24.333,-422.0,-198.7,179.8
24.367,-422.0,-198.7,175.9
24.400,-422.0,-198.7,173.5
24.433,-422.0,-198.7,159.9
24.467,-422.0,-198.7,167.3
24.500,-422.0,-198.7,152.5
24.533,-422.0,-198.7,83.3
24.567,-422.0,-198.7,57.6
24.600,-422.0,-198.7,62.7
24.633,-422.0,-198.7,82.9
24.667,-422.0,-198.7,174.8
24.700,-422.0,-198.7,182.1
24.733,-422.0,-198.7,191.5
24.767,-422.0,-198.7,184.1
24.800,-422.0,-198.7,185.9
24.833,-422.0,-198.7,171.4
24.867,-422.0,-198.7,168.9
24.900,-422.0,-198.7,161.1
24.933,-422.0,-198.7,137.0
24.967,-422.0,-198.7,61.1
25.000,-422.0,-198.7,64.2
25.033,-422.0,-198.7,61.0
25.067,-422.0,-198.7,75.9
25.100,-422.0,-198.7,121.7
25.133,-422.0,-198.7,180.8
25.167,-422.0,-198.7,183.9
25.200,-422.0,-198.7,186.4
25.233,-422.0,-198.7,179.1
25.267,-422.0,-198.7,177.4
25.300,-422.0,-198.7,162.6
25.333,-422.0,-198.7,169.0
25.367,-422.0,-198.7,157.9
25.400,-422.0,-198.7,86.4
25.433,-422.0,-198.7,57.7
25.467,-422.0,-198.7,66.3
25.500,-422.0,-198.7,82.6
25.533,-422.0,-198.7,174.3
25.567,-422.0,-198.7,182.0
25.600,-422.0,-198.7,192.0
25.633,-422.0,-198.7,182.2
25.667,-422.0,-198.7,182.3
25.700,-422.0,-198.7,175.0
25.733,-422.0,-198.7,168.5
25.767,-422.0,-198.7,160.8
25.800,-422.0,-198.7,145.4
25.833,-422.0,-198.7,63.7
25.867,-422.0,-198.7,59.6
25.900,-422.0,-198.7,59.9
25.933,-422.0,-198.7,70.9
25.967,-422.0,-198.7,112.0
26.000,-422.0,-198.7,173.7
26.033,-422.0,-198.7,174.9
26.067,-422.0,-198.7,179.3
26.100,-422.0,-198.7,172.8
26.133,-422.0,-198.7,173.8
26.167,-422.0,-198.7,160.8
26.200,-422.0,-198.7,167.9
26.233,-422.0,-198.7,157.0
26.267,-422.0,-198.7,92.6
26.300,-422.0,-198.7,57.0
26.333,-422.0,-198.7,61.0
26.367,-422.0,-198.7,68.9
26.400,-422.0,-198.7,161.0
26.433,-422.0,-198.7,181.0
26.467,-422.0,-198.7,191.8
26.500,-422.0,-198.7,188.3
26.533,-422.0,-198.7,189.8
26.567,-422.0,-198.7,175.1
26.600,-422.0,-198.7,173.0
26.633,-422.0,-198.7,158.0
26.667,-422.0,-198.7,167.2
26.700,-422.0,-198.7,75.4
26.733,-422.0,-198.7,60.4
26.767,-422.0,-198.7,60.5
26.800,-422.0,-198.7,61.8
26.833,-422.0,-198.7,91.3
26.867,-422.0,-198.7,173.4
26.900,-422.0,-198.7,178.4
26.933,-422.0,-198.7,189.4
26.967,-422.0,-198.7,178.2
27.000,-422.0,-198.7,179.3
27.033,-422.0,-198.7,166.4
27.067,-422.0,-198.7,170.2
27.100,-422.0,-198.7,165.5
27.133,-422.0,-198.7,111.2
27.167,-422.0,-198.7,55.8
27.200,-422.0,-198.7,62.2
27.233,-422.0,-198.7,63.4
27.267,-422.0,-198.7,149.9
27.300,-422.0,-198.7,181.7
27.333,-422.0,-198.7,198.0
27.367,-422.0,-198.7,192.3
27.400,-422.0,-198.7,193.9
27.433,-422.0,-198.7,183.9
27.467,-422.0,-198.7,179.0
27.500,-422.0,-198.7,167.6
27.533,-422.0,-198.7,183.5
27.567,-422.0,-198.7,84.6
27.600,-422.0,-198.7,61.3
27.633,-422.0,-198.7,54.5
27.667,-422.0,-198.7,61.8
27.700,-422.0,-198.7,87.1
27.733,-422.0,-198.7,171.2
27.767,-422.0,-198.7,189.9
27.800,-422.0,-198.7,198.7
27.833,-422.0,-198.7,194.9
27.867,-422.0,-198.7,195.7
27.900,-422.0,-198.7,176.1
27.933,-422.0,-198.7,176.2
27.967,-422.0,-198.7,169.8
28.000,-422.0,-198.7,132.8
28.033,-422.0,-198.7,60.0
28.067,-422.0,-198.7,61.7
28.100,-422.0,-198.7,62.5
28.133,-422.0,-198.7,132.2
28.167,-422.0,-198.7,185.3
28.200,-422.0,-198.7,204.3
28.233,-422.0,-198.7,196.1
28.267,-422.0,-198.7,200.0
28.300,-422.0,-198.7,187.3
28.333,-422.0,-198.7,184.9
28.367,-422.0,-198.7,171.0
28.400,-422.0,-198.7,182.2
28.433,-422.0,-198.7,103.4
28.467,-422.0,-198.7,59.2
28.500,-422.0,-198.7,55.6
28.533,-422.0,-198.7,64.2
28.567,-422.0,-198.7,73.7
28.600,-422.0,-198.7,159.9
28.633,-422.0,-198.7,190.7
28.667,-422.0,-198.7,196.8
28.700,-422.0,-198.7,188.9
28.733,-422.0,-198.7,189.3
28.767,-422.0,-198.7,170.2
28.800,-422.0,-198.7,171.6
28.833,-422.0,-198.7,163.9
28.867,-422.0,-198.7,150.9
28.900,-422.0,-198.7,64.1
28.933,-422.0,-198.7,60.8
28.967,-422.0,-198.7,56.6
29.000,-422.0,-198.7,111.1
29.033,-422.0,-198.7,173.0
29.067,-422.0,-198.7,195.0
29.100,-422.0,-198.7,187.1
29.133,-422.0,-198.7,194.3
29.167,-422.0,-198.7,182.7
29.200,-422.0,-198.7,183.8
29.233,-422.0,-198.7,163.8
29.267,-422.0,-198.7,179.6
29.300,-422.0,-198.7,126.6
29.333,-422.0,-198.7,64.3
29.367,-422.0,-198.7,56.7
29.400,-422.0,-198.7,64.3
29.433,-422.0,-198.7,64.7
29.467,-422.0,-198.7,135.0
29.500,-422.0,-198.7,176.6
29.533,-422.0,-198.7,191.8
29.567,-422.0,-198.7,185.8
29.600,-422.0,-198.7,186.7
29.633,-422.0,-198.7,171.0
29.667,-422.0,-198.7,175.7
29.700,-422.0,-198.7,166.3
29.733,-422.0,-198.7,177.4
29.767,-422.0,-198.7,86.8
29.800,-422.0,-198.7,59.9
29.833,-422.0,-198.7,56.6
29.867,-422.0,-198.7,83.1
29.900,-422.0,-198.7,154.9
29.933,-422.0,-198.7,199.9
29.967,-422.0,-198.7,199.6
30.000,-422.0,-198.7,202.6
30.033,-422.0,-198.7,196.5
30.067,-422.0,-198.7,197.2
30.100,-422.0,-198.7,180.1
30.133,-422.0,-198.7,181.0
30.167,-422.0,-198.7,160.5
30.200,-422.0,-198.7,77.1
30.233,-422.0,-198.7,54.8
30.267,-422.0,-198.7,63.1
30.300,-422.0,-198.7,60.6
30.333,-422.0,-198.7,110.9
30.367,-422.0,-198.7,167.4
30.400,-422.0,-198.7,195.3
30.433,-422.0,-198.7,189.3
30.467,-422.0,-198.7,196.4
30.500,-422.0,-198.7,178.8
30.533,-422.0,-198.7,187.7
30.567,-422.0,-198.7,167.3
30.600,-422.0,-198.7,183.8
30.633,-422.0,-198.7,107.4
30.667,-422.0,-198.7,60.3
30.700,-422.0,-198.7,54.7
30.733,-422.0,-198.7,73.3
30.767,-422.0,-198.7,138.5
30.800,-422.0,-198.7,198.6
30.833,-422.0,-198.7,193.0
30.867,-422.0,-198.7,206.4
30.900,-422.0,-198.7,196.2
30.933,-422.0,-198.7,196.9
30.967,-422.0,-198.7,175.3
31.000,-422.0,-198.7,182.2
31.033,-422.0,-198.7,170.8
31.067,-422.0,-198.7,95.5
31.100,-422.0,-198.7,55.3
31.133,-422.0,-198.7,63.0
31.167,-422.0,-198.7,53.1
31.200,-422.0,-198.7,90.1
31.233,-422.0,-198.7,154.1
31.267,-422.0,-198.7,196.7
31.300,-422.0,-198.7,197.7
31.333,-422.0,-198.7,199.9
31.367,-422.0,-198.7,186.4
31.400,-422.0,-198.7,190.9
31.433,-422.0,-198.7,168.9
31.467,-422.0,-198.7,183.8
31.500,-422.0,-198.7,131.3
31.533,-422.0,-198.7,67.7
31.567,-422.0,-198.7,60.6
31.600,-422.0,-198.7,69.2
31.633,-422.0,-198.7,107.9
31.667,-422.0,-198.7,194.5
31.700,-422.0,-198.7,192.4
31.733,-422.0,-198.7,206.1
31.767,-422.0,-198.7,195.1
31.800,-422.0,-198.7,197.0
31.833,-422.0,-198.7,182.4
31.867,-422.0,-198.7,184.9
31.900,-422.0,-198.7,172.9
31.933,-422.0,-198.7,133.8
31.967,-422.0,-198.7,55.3
32.000,-422.0,-198.7,61.8
32.033,-422.0,-198.7,55.3
32.067,-422.0,-198.7,72.2
32.100,-422.0,-198.7,123.6
32.133,-422.0,-198.7,190.9
32.167,-422.0,-198.7,188.0
32.200,-422.0,-198.7,195.3
32.233,-422.0,-198.7,184.4
32.267,-422.0,-198.7,185.2
32.300,-422.0,-198.7,169.1
32.333,-422.0,-198.7,182.2
32.367,-422.0,-198.7,162.7
32.400,-422.0,-198.7,89.3
32.433,-422.0,-198.7,56.1
32.467,-422.0,-198.7,65.2
32.500,-422.0,-198.7,77.2
32.533,-422.0,-198.7,180.7
32.567,-422.0,-198.7,192.8
32.600,-422.0,-198.7,207.5
32.633,-422.0,-198.7,204.4
32.667,-422.0,-198.7,206.4
32.700,-422.0,-198.7,187.8
32.733,-422.0,-198.7,185.8
32.767,-422.0,-198.7,170.5
32.800,-422.0,-198.7,162.4
32.833,-422.0,-198.7,61.6
32.867,-422.0,-198.7,63.9
32.900,-422.0,-198.7,59.6
32.933,-422.0,-198.7,66.5
32.967,-422.0,-198.7,111.4
33.000,-422.0,-198.7,186.3
33.033,-422.0,-198.7,187.5
33.067,-422.0,-198.7,199.4
33.100,-422.0,-198.7,185.2
33.133,-422.0,-198.7,188.1
33.167,-422.0,-198.7,171.0
33.200,-422.0,-198.7,181.2
33.233,-422.0,-198.7,163.7
33.267,-422.0,-198.7,95.3
33.300,-422.0,-198.7,55.1
33.333,-422.0,-198.7,63.0
33.367,-422.0,-198.7,74.2
33.400,-422.0,-198.7,173.8
33.433,-422.0,-198.7,193.5
33.467,-422.0,-198.7,202.0
33.500,-422.0,-198.7,194.5
33.533,-422.0,-198.7,195.8
33.567,-422.0,-198.7,180.6
33.600,-422.0,-198.7,178.0
33.633,-422.0,-198.7,163.0
33.667,-422.0,-198.7,160.3
33.700,-422.0,-198.7,61.4
33.733,-422.0,-198.7,63.7
33.767,-422.0,-198.7,54.8
33.800,-422.0,-198.7,68.2
33.833,-422.0,-198.7,117.3
33.867,-422.0,-198.7,185.4
33.900,-422.0,-198.7,180.8
33.933,-422.0,-198.7,188.4
33.967,-422.0,-198.7,179.4
34.000,-422.0,-198.7,179.7
34.033,-422.0,-198.7,161.0
34.067,-422.0,-198.7,170.8
34.100,-422.0,-198.7,152.4
34.133,-422.0,-198.7,85.7
34.167,-422.0,-198.7,54.3
34.200,-422.0,-198.7,65.1
34.233,-422.0,-198.7,79.8
34.267,-422.0,-198.7,177.1
34.300,-422.0,-198.7,181.1
34.333,-422.0,-198.7,194.6
34.367,-422.0,-198.7,184.6
34.400,-422.0,-198.7,187.5
34.433,-422.0,-198.7,169.7
34.467,-422.0,-198.7,170.8
34.500,-422.0,-198.7,159.6
34.533,-422.0,-198.7,139.1
34.567,-422.0,-198.7,57.4
34.600,-422.0,-198.7,62.2
34.633,-422.0,-198.7,54.8
34.667,-422.0,-198.7,72.3
34.700,-422.0,-198.7,118.9
34.733,-422.0,-198.7,177.8
34.767,-422.0,-198.7,173.5
34.800,-422.0,-198.7,177.7
34.833,-422.0,-198.7,169.7
34.867,-422.0,-198.7,168.8
34.900,-422.0,-198.7,150.0
34.933,-422.0,-198.7,163.8
34.967,-422.0,-198.7,139.4
35.000,-422.0,-198.7,79.7
35.033,-422.0,-198.7,57.1
35.067,-422.0,-198.7,66.4
35.100,-422.0,-198.7,82.3
35.133,-422.0,-198.7,172.3
35.167,-422.0,-198.7,175.1
35.200,-422.0,-198.7,184.6
35.233,-422.0,-198.7,177.3
35.267,-422.0,-198.7,179.2
35.300,-422.0,-198.7,166.1
35.333,-422.0,-198.7,167.0
35.367,-422.0,-198.7,156.0
35.400,-422.0,-198.7,143.9
35.433,-422.0,-198.7,61.3
35.467,-422.0,-198.7,64.0
35.500,-422.0,-198.7,55.1
35.533,-422.0,-198.7,70.3
35.567,-422.0,-198.7,113.8
35.600,-422.0,-198.7,172.2
35.633,-422.0,-198.7,167.4
35.667,-422.0,-198.7,177.9
35.700,-422.0,-198.7,168.1
35.733,-422.0,-198.7,172.3
35.767,-422.0,-198.7,154.7
35.800,-422.0,-198.7,165.5
35.833,-422.0,-198.7,147.8
35.867,-422.0,-198.7,89.7
35.900,-422.0,-198.7,58.0
35.933,-422.0,-198.7,62.4
35.967,-422.0,-198.7,71.3
36.000,-422.0,-198.7,161.2
36.033,-422.0,-198.7,172.3
36.067,-422.0,-198.7,188.2
36.100,-422.0,-198.7,181.1
36.133,-422.0,-198.7,185.0
36.167,-422.0,-198.7,171.6
36.200,-422.0,-198.7,170.0
36.233,-422.0,-198.7,154.2
36.267,-422.0,-198.7,160.4
36.300,-422.0,-198.7,67.5
36.333,-422.0,-198.7,64.3
36.367,-422.0,-198.7,57.8
36.400,-422.0,-198.7,66.7
36.433,-422.0,-198.7,99.6
36.467,-422.0,-198.7,177.2
36.500,-422.0,-198.7,175.5
36.533,-422.0,-198.7,183.7
36.567,-422.0,-198.7,171.4
36.600,-422.0,-198.7,176.3
36.633,-422.0,-198.7,158.1
36.667,-422.0,-198.7,167.5
36.700,-422.0,-198.7,158.0
36.733,-422.0,-198.7,123.0
36.767,-422.0,-198.7,56.1
36.800,-422.0,-198.7,60.6
36.833,-422.0,-198.7,58.2
36.867,-422.0,-198.7,126.8
36.900,-422.0,-198.7,171.4
36.933,-422.0,-198.7,189.7
36.967,-422.0,-198.7,180.2
37.000,-422.0,-198.7,190.0
37.033,-422.0,-198.7,175.8
37.067,-422.0,-198.7,178.2
37.100,-422.0,-198.7,157.0
37.133,-422.0,-198.7,173.3
37.167,-422.0,-198.7,103.0
37.200,-422.0,-198.7,62.3
37.233,-422.0,-198.7,58.1
37.267,-422.0,-198.7,63.4
37.300,-422.0,-198.7,72.0
37.333,-422.0,-198.7,152.4
37.367,-422.0,-198.7,173.8
37.400,-422.0,-198.7,185.8
37.433,-422.0,-198.7,176.1
37.467,-422.0,-198.7,180.2
37.500,-422.0,-198.7,161.8
37.533,-422.0,-198.7,164.0
37.567,-422.0,-198.7,156.2
37.600,-422.0,-198.7,143.3
37.633,-422.0,-198.7,62.8
37.667,-422.0,-198.7,64.9
37.700,-422.0,-198.7,58.7
37.733,-422.0,-198.7,108.3
37.767,-422.0,-198.7,162.8
37.800,-422.0,-198.7,183.2
37.833,-422.0,-198.7,175.3
37.867,-422.0,-198.7,183.1
37.900,-422.0,-198.7,171.0
37.933,-422.0,-198.7,171.8
37.967,-422.0,-198.7,152.6
38.000,-422.0,-198.7,167.2
38.033,-422.0,-198.7,106.1
38.067,-422.0,-198.7,60.4
38.100,-422.0,-198.7,56.1
38.133,-422.0,-198.7,61.3
38.167,-422.0,-198.7,68.1
38.200,-422.0,-198.7,145.9
38.233,-422.0,-198.7,166.6
38.267,-422.0,-198.7,179.2
38.300,-422.0,-198.7,169.1
38.333,-422.0,-198.7,172.0
38.367,-422.0,-198.7,153.2
38.400,-422.0,-198.7,160.3
38.433,-422.0,-198.7,149.4
38.467,-422.0,-198.7,144.1
38.500,-422.0,-198.7,63.5
38.533,-422.0,-198.7,65.8
38.567,-422.0,-198.7,57.3
38.600,-422.0,-198.7,110.3
38.633,-422.0,-198.7,162.2
38.667,-422.0,-198.7,182.3
38.700,-422.0,-198.7,174.9
38.733,-422.0,-198.7,181.8
38.767,-422.0,-198.7,167.4
38.800,-422.0,-198.7,168.2
38.833,-422.0,-198.7,151.0
38.867,-422.0,-198.7,168.5
38.900,-422.0,-198.7,98.0
38.933,-422.0,-198.7,61.0
38.967,-422.0,-198.7,53.1
39.000,-422.0,-198.7,62.9
39.033,-422.0,-198.7,72.3
39.067,-422.0,-198.7,148.2
39.100,-422.0,-198.7,158.9
39.133,-422.0,-198.7,171.3
39.167,-422.0,-198.7,158.6
39.200,-422.0,-198.7,166.0
39.233,-422.0,-198.7,147.7
39.267,-422.0,-198.7,153.0
39.300,-422.0,-198.7,145.1
39.333,-422.0,-198.7,131.1
39.367,-422.0,-198.7,58.9
39.400,-422.0,-198.7,63.2
39.433,-422.0,-198.7,55.7
39.467,-422.0,-198.7,106.0
39.500,-422.0,-198.7,153.2
39.533,-422.0,-198.7,172.7
39.567,-422.0,-198.7,167.1
39.600,-422.0,-198.7,171.8
39.633,-422.0,-198.7,159.5
39.667,-422.0,-198.7,161.6
39.700,-422.0,-198.7,142.3
39.733,-422.0,-198.7,157.1
39.767,-422.0,-198.7,95.2
39.800,-422.0,-198.7,64.0
39.833,-422.0,-198.7,58.0
39.867,-422.0,-198.7,62.8
39.900,-422.0,-198.7,71.5
39.933,-422.0,-198.7,141.6
39.967,-422.0,-198.7,155.2
40.000,-422.0,-198.7,168.5
40.033,-422.0,-198.7,159.3
40.067,-422.0,-198.7,163.6
40.100,-422.0,-198.7,149.5
40.133,-422.0,-198.7,152.2
40.167,-422.0,-198.7,145.9
40.200,-422.0,-198.7,137.2
40.233,-422.0,-198.7,61.6
40.267,-422.0,-198.7,64.8
40.300,-422.0,-198.7,57.9
40.333,-422.0,-198.7,100.8
40.367,-422.0,-198.7,154.2
40.400,-422.0,-198.7,171.2
40.433,-422.0,-198.7,165.0
40.467,-422.0,-198.7,168.6
40.500,-422.0,-198.7,156.6
40.533,-422.0,-198.7,157.0
40.567,-422.0,-198.7,142.3
40.600,-422.0,-198.7,152.5
40.633,-422.0,-198.7,107.9
40.667,-422.0,-198.7,61.3
40.700,-422.0,-198.7,55.8
40.733,-422.0,-198.7,62.5
40.767,-422.0,-198.7,65.1
40.800,-422.0,-198.7,131.7
40.833,-422.0,-198.7,152.2
40.867,-422.0,-198.7,166.2
40.900,-422.0,-198.7,158.5
40.933,-422.0,-198.7,164.2
40.967,-422.0,-198.7,148.3
41.000,-422.0,-198.7,151.6
41.033,-422.0,-198.7,143.0
41.067,-422.0,-198.7,140.4
41.100,-422.0,-198.7,65.7
41.133,-422.0,-198.7,64.8
41.167,-422.0,-198.7,58.6
41.200,-422.0,-198.7,93.9
41.233,-422.0,-198.7,146.4
41.267,-422.0,-198.7,164.3
41.300,-422.0,-198.7,157.2
41.333,-422.0,-198.7,162.1
41.367,-422.0,-198.7,150.4
41.400,-422.0,-198.7,150.5
41.433,-422.0,-198.7,135.8
41.467,-422.0,-198.7,146.9
41.500,-422.0,-198.7,102.4
41.533,-422.0,-198.7,68.2
41.567,-422.0,-198.7,56.8
41.600,-422.0,-198.7,67.8
41.633,-422.0,-198.7,71.6
41.667,-422.0,-198.7,129.4
41.700,-422.0,-198.7,139.2
41.733,-422.0,-198.7,149.7
41.767,-422.0,-198.7,142.5
41.800,-422.0,-198.7,144.6
41.833,-422.0,-198.7,133.5
41.867,-422.0,-198.7,137.4
41.900,-422.0,-198.7,130.2
41.933,-422.0,-198.7,123.4
41.967,-422.0,-198.7,61.3
42.000,-422.0,-198.7,68.6
42.033,-422.0,-198.7,61.6
42.067,-422.0,-198.7,97.7
42.100,-422.0,-198.7,140.1
42.133,-422.0,-198.7,154.7
42.167,-422.0,-198.7,150.3
42.200,-422.0,-198.7,154.5
42.233,-422.0,-198.7,146.9
42.267,-422.0,-198.7,149.9
42.300,-422.0,-198.7,136.1
42.333,-422.0,-198.7,147.1
42.367,-422.0,-198.7,97.1
42.400,-422.0,-198.7,62.9
42.433,-422.0,-198.7,60.5
42.467,-422.0,-198.7,64.3
42.500,-422.0,-198.7,73.1
42.533,-422.0,-198.7,135.6
42.567,-422.0,-198.7,149.2
42.600,-422.0,-198.7,157.7
42.633,-422.0,-198.7,150.5
42.667,-422.0,-198.7,155.7
42.700,-422.0,-198.7,141.9
42.733,-422.0,-198.7,144.5
42.767,-422.0,-198.7,140.4
42.800,-422.0,-198.7,131.2
42.833,-422.0,-198.7,66.6
42.867,-422.0,-198.7,67.7
42.900,-422.0,-198.7,57.6
42.933,-422.0,-198.7,106.9
42.967,-422.0,-198.7,148.6
43.000,-422.0,-198.7,169.2
43.033,-422.0,-198.7,162.0
43.067,-422.0,-198.7,167.0
43.100,-422.0,-198.7,155.6
43.133,-422.0,-198.7,158.7
43.167,-422.0,-198.7,140.8
43.200,-422.0,-198.7,152.1
43.233,-422.0,-198.7,105.2
43.267,-422.0,-198.7,65.7
43.300,-422.0,-198.7,60.0
43.333,-422.0,-198.7,63.7
43.367,-422.0,-198.7,69.6
43.400,-422.0,-198.7,130.8
43.433,-422.0,-198.7,148.8
43.467,-422.0,-198.7,159.6
43.500,-422.0,-198.7,150.7
43.533,-422.0,-198.7,154.2
43.567,-422.0,-198.7,141.6
43.600,-422.0,-198.7,144.7
43.633,-422.0,-198.7,139.8
43.667,-422.0,-198.7,135.7
43.700,-422.0,-198.7,67.6
43.733,-422.0,-198.7,65.8
43.767,-422.0,-198.7,59.4
43.800,-422.0,-198.7,96.1
43.833,-422.0,-198.7,147.7
43.867,-422.0,-198.7,166.5
43.900,-422.0,-198.7,161.6
43.933,-422.0,-198.7,166.8
43.967,-422.0,-198.7,158.4
44.000,-422.0,-198.7,158.6
44.033,-422.0,-198.7,144.8
44.067,-422.0,-198.7,154.1
44.100,-422.0,-198.7,117.3
44.133,-422.0,-198.7,70.0
44.167,-422.0,-198.7,60.9
44.200,-422.0,-198.7,64.3
44.233,-422.0,-198.7,66.0
44.267,-422.0,-198.7,129.3
44.300,-422.0,-198.7,158.1
44.333,-422.0,-198.7,171.7
44.367,-422.0,-198.7,166.2
44.400,-422.0,-198.7,168.5
44.433,-422.0,-198.7,155.8
44.467,-422.0,-198.7,157.8
44.500,-422.0,-198.7,150.6
44.533,-422.0,-198.7,153.2
44.567,-422.0,-198.7,72.0
44.600,-422.0,-198.7,64.2
44.633,-422.0,-198.7,62.4
44.667,-422.0,-198.7,92.2
44.700,-422.0,-198.7,153.4
44.733,-422.0,-198.7,178.8
44.767,-422.0,-198.7,173.8
44.800,-422.0,-198.7,181.1
44.833,-422.0,-198.7,170.2
44.867,-422.0,-198.7,170.4
44.900,-422.0,-198.7,155.5
44.933,-422.0,-198.7,164.5
44.967,-422.0,-198.7,134.3
45.000,-422.0,-198.7,74.3
45.033,-422.0,-198.7,58.7
45.067,-422.0,-198.7,66.3
45.100,-422.0,-198.7,61.8
45.133,-422.0,-198.7,115.6
45.167,-422.0,-198.7,162.4
45.200,-422.0,-198.7,179.7
45.233,-422.0,-198.7,170.1
45.267,-422.0,-198.7,177.4
45.300,-422.0,-198.7,163.1
