region_B
t,x,y,luma
0.000,-186.6,-170.7,164.2
0.033,-186.6,-170.7,170.3
0.067,-186.6,-170.7,141.4
0.100,-186.6,-170.7,95.6
0.133,-186.6,-170.7,57.2
0.167,-186.6,-170.7,62.4
0.200,-186.6,-170.7,56.8
0.233,-186.6,-170.7,61.5
0.267,-186.6,-170.7,69.0
0.300,-186.6,-170.7,133.7
0.333,-186.6,-170.7,166.5
0.367,-186.6,-170.7,179.2
0.400,-186.6,-170.7,168.0
0.433,-186.6,-170.7,174.2
0.467,-186.6,-170.7,147.7
0.500,-186.6,-170.7,112.5
0.533,-186.6,-170.7,61.5
0.567,-186.6,-170.7,61.4
0.600,-186.6,-170.7,57.2
0.633,-186.6,-170.7,64.8
0.667,-186.6,-170.7,121.9
0.700,-186.6,-170.7,181.0
0.733,-186.6,-170.7,174.8
0.767,-186.6,-170.7,182.0
0.800,-186.6,-170.7,169.8
0.833,-186.6,-170.7,172.4
0.867,-186.6,-170.7,145.1
0.900,-186.6,-170.7,100.4
0.933,-186.6,-170.7,57.3
0.967,-186.6,-170.7,61.8
1.000,-186.6,-170.7,59.5
1.033,-186.6,-170.7,65.7
1.067,-186.6,-170.7,67.2
1.100,-186.6,-170.7,126.8
1.133,-186.6,-170.7,163.2
1.167,-186.6,-170.7,177.1
1.200,-186.6,-170.7,162.4
1.233,-186.6,-170.7,165.0
1.267,-186.6,-170.7,146.9
1.300,-186.6,-170.7,118.1
1.333,-186.6,-170.7,62.7
1.367,-186.6,-170.7,60.4
1.400,-186.6,-170.7,56.5
1.433,-186.6,-170.7,61.4
1.467,-186.6,-170.7,88.2
1.500,-186.6,-170.7,164.9
1.533,-186.6,-170.7,171.7
1.567,-186.6,-170.7,180.4
1.600,-186.6,-170.7,168.2
1.633,-186.6,-170.7,173.6
1.667,-186.6,-170.7,159.7
1.700,-186.6,-170.7,141.7
1.733,-186.6,-170.7,72.1
1.767,-186.6,-170.7,60.7
1.800,-186.6,-170.7,57.0
1.833,-186.6,-170.7,60.6
1.867,-186.6,-170.7,56.8
1.900,-186.6,-170.7,77.6
1.933,-186.6,-170.7,130.5
1.967,-186.6,-170.7,174.8
2.000,-186.6,-170.7,170.0
2.033,-186.6,-170.7,174.3
2.067,-186.6,-170.7,160.8
2.100,-186.6,-170.7,159.0
2.133,-186.6,-170.7,101.1
2.167,-186.6,-170.7,65.8
2.200,-186.6,-170.7,57.3
2.233,-186.6,-170.7,60.4
2.267,-186.6,-170.7,57.2
2.300,-186.6,-170.7,103.4
2.333,-186.6,-170.7,161.6
2.367,-186.6,-170.7,182.9
2.400,-186.6,-170.7,178.5
2.433,-186.6,-170.7,181.7
2.467,-186.6,-170.7,169.4
2.500,-186.6,-170.7,170.5
2.533,-186.6,-170.7,113.7
2.567,-186.6,-170.7,67.9
2.600,-186.6,-170.7,56.8
2.633,-186.6,-170.7,62.7
2.667,-186.6,-170.7,57.7
2.700,-186.6,-170.7,62.8
2.733,-186.6,-170.7,98.0
2.767,-186.6,-170.7,163.7
2.800,-186.6,-170.7,170.3
2.833,-186.6,-170.7,174.3
2.867,-186.6,-170.7,161.6
2.900,-186.6,-170.7,164.2
2.933,-186.6,-170.7,122.5
2.967,-186.6,-170.7,83.8
3.000,-186.6,-170.7,58.6
3.033,-186.6,-170.7,62.1
3.067,-186.6,-170.7,57.4
3.100,-186.6,-170.7,73.8
3.133,-186.6,-170.7,136.6
3.167,-186.6,-170.7,179.4
3.200,-186.6,-170.7,173.1
3.233,-186.6,-170.7,175.5
3.267,-186.6,-170.7,161.3
3.300,-186.6,-170.7,167.5
3.333,-186.6,-170.7,141.5
3.367,-186.6,-170.7,96.9
3.400,-186.6,-170.7,58.3
3.433,-186.6,-170.7,58.4
3.467,-186.6,-170.7,61.3
3.500,-186.6,-170.7,57.1
3.533,-186.6,-170.7,60.2
3.567,-186.6,-170.7,68.1
3.600,-186.6,-170.7,128.8
3.633,-186.6,-170.7,162.7
3.667,-186.6,-170.7,175.3
3.700,-186.6,-170.7,163.4
3.733,-186.6,-170.7,168.9
3.767,-186.6,-170.7,146.0
3.800,-186.6,-170.7,112.7
3.833,-186.6,-170.7,62.7
3.867,-186.6,-170.7,62.7
3.900,-186.6,-170.7,59.4
3.933,-186.6,-170.7,63.4
3.967,-186.6,-170.7,100.9
4.000,-186.6,-170.7,170.5
4.033,-186.6,-170.7,173.4
4.067,-186.6,-170.7,180.2
4.100,-186.6,-170.7,167.8
4.133,-186.6,-170.7,171.8
4.167,-186.6,-170.7,158.3
4.200,-186.6,-170.7,126.9
4.233,-186.6,-170.7,65.0
4.267,-186.6,-170.7,63.3
4.300,-186.6,-170.7,59.1
4.333,-186.6,-170.7,60.4
4.367,-186.6,-170.7,60.1
4.400,-186.6,-170.7,99.8
4.433,-186.6,-170.7,150.5
4.467,-186.6,-170.7,176.2
4.500,-186.6,-170.7,166.8
4.533,-186.6,-170.7,171.7
4.567,-186.6,-170.7,155.9
4.600,-186.6,-170.7,142.8
4.633,-186.6,-170.7,79.7
4.667,-186.6,-170.7,63.3
4.700,-186.6,-170.7,59.1
4.733,-186.6,-170.7,63.4
4.767,-186.6,-170.7,71.2
4.800,-186.6,-170.7,141.7
4.833,-186.6,-170.7,170.9
4.867,-186.6,-170.7,183.2
4.900,-186.6,-170.7,173.7
4.933,-186.6,-170.7,175.4
4.967,-186.6,-170.7,164.4
5.000,-186.6,-170.7,159.0
5.033,-186.6,-170.7,89.3
5.067,-186.6,-170.7,63.9
5.100,-186.6,-170.7,59.6
5.133,-186.6,-170.7,61.5
5.167,-186.6,-170.7,59.5
5.200,-186.6,-170.7,68.9
5.233,-186.6,-170.7,124.4
5.267,-186.6,-170.7,171.2
5.300,-186.6,-170.7,169.6
5.333,-186.6,-170.7,173.7
5.367,-186.6,-170.7,162.6
5.400,-186.6,-170.7,164.8
5.433,-186.6,-170.7,112.3
5.467,-186.6,-170.7,71.8
5.500,-186.6,-170.7,59.6
5.533,-186.6,-170.7,62.8
5.567,-186.6,-170.7,59.1
5.600,-186.6,-170.7,89.5
5.633,-186.6,-170.7,155.6
5.667,-186.6,-170.7,183.5
5.700,-186.6,-170.7,176.0
5.733,-186.6,-170.7,179.0
5.767,-186.6,-170.7,167.4
5.800,-186.6,-170.7,168.0
5.833,-186.6,-170.7,139.6
5.867,-186.6,-170.7,90.8
5.900,-186.6,-170.7,58.6
5.933,-186.6,-170.7,61.5
5.967,-186.6,-170.7,58.7
6.000,-186.6,-170.7,61.0
6.033,-186.6,-170.7,68.8
6.067,-186.6,-170.7,130.0
6.100,-186.6,-170.7,165.3
6.133,-186.6,-170.7,176.3
6.167,-186.6,-170.7,164.0
6.200,-186.6,-170.7,167.1
6.233,-186.6,-170.7,152.4
6.267,-186.6,-170.7,120.5
6.300,-186.6,-170.7,67.9
6.333,-186.6,-170.7,61.7
6.367,-186.6,-170.7,59.3
6.400,-186.6,-170.7,62.6
6.433,-186.6,-170.7,89.0
6.467,-186.6,-170.7,162.6
6.500,-186.6,-170.7,173.7
6.533,-186.6,-170.7,180.9
6.567,-186.6,-170.7,171.0
6.600,-186.6,-170.7,173.2
6.633,-186.6,-170.7,157.7
6.667,-186.6,-170.7,139.3
6.700,-186.6,-170.7,73.1
6.733,-186.6,-170.7,62.2
6.767,-186.6,-170.7,60.3
6.800,-186.6,-170.7,63.1
6.833,-186.6,-170.7,59.9
6.867,-186.6,-170.7,87.1
6.900,-186.6,-170.7,142.3
6.933,-186.6,-170.7,176.5
6.967,-186.6,-170.7,169.0
7.000,-186.6,-170.7,170.4
7.033,-186.6,-170.7,159.5
7.067,-186.6,-170.7,151.0
7.100,-186.6,-170.7,89.5
7.133,-186.6,-170.7,62.8
7.167,-186.6,-170.7,58.5
7.200,-186.6,-170.7,62.3
7.233,-186.6,-170.7,61.1
7.267,-186.6,-170.7,121.8
7.300,-186.6,-170.7,168.8
7.333,-186.6,-170.7,181.2
7.367,-186.6,-170.7,175.8
7.400,-186.6,-170.7,178.3
7.433,-186.6,-170.7,166.8
7.467,-186.6,-170.7,163.9
7.500,-186.6,-170.7,110.2
7.533,-186.6,-170.7,67.7
7.567,-186.6,-170.7,60.2
7.600,-186.6,-170.7,63.4
7.633,-186.6,-170.7,61.5
7.667,-186.6,-170.7,65.1
7.700,-186.6,-170.7,99.0
7.733,-186.6,-170.7,160.5
7.767,-186.6,-170.7,172.1
7.800,-186.6,-170.7,175.3
7.833,-186.6,-170.7,165.1
7.867,-186.6,-170.7,166.2
7.900,-186.6,-170.7,130.6
7.933,-186.6,-170.7,89.4
7.967,-186.6,-170.7,60.3
8.000,-186.6,-170.7,62.7
8.033,-186.6,-170.7,59.5
8.067,-186.6,-170.7,70.8
8.100,-186.6,-170.7,130.5
8.133,-186.6,-170.7,180.1
8.167,-186.6,-170.7,177.2
8.200,-186.6,-170.7,178.6
8.233,-186.6,-170.7,166.3
8.267,-186.6,-170.7,165.8
8.300,-186.6,-170.7,143.8
8.333,-186.6,-170.7,99.6
8.367,-186.6,-170.7,61.5
8.400,-186.6,-170.7,63.9
8.433,-186.6,-170.7,60.4
8.467,-186.6,-170.7,64.4
8.500,-186.6,-170.7,70.2
8.533,-186.6,-170.7,126.6
8.567,-186.6,-170.7,164.5
8.600,-186.6,-170.7,176.4
8.633,-186.6,-170.7,167.3
8.667,-186.6,-170.7,168.1
8.700,-186.6,-170.7,153.3
8.733,-186.6,-170.7,121.9
8.767,-186.6,-170.7,68.8
8.800,-186.6,-170.7,63.0
8.833,-186.6,-170.7,60.9
8.867,-186.6,-170.7,61.7
8.900,-186.6,-170.7,85.6
8.933,-186.6,-170.7,159.0
8.967,-186.6,-170.7,173.5
9.000,-186.6,-170.7,182.0
9.033,-186.6,-170.7,175.0
9.067,-186.6,-170.7,176.5
9.100,-186.6,-170.7,164.3
9.133,-186.6,-170.7,143.3
9.167,-186.6,-170.7,76.2
9.200,-186.6,-170.7,64.2
9.233,-186.6,-170.7,60.3
9.267,-186.6,-170.7,64.5
9.300,-186.6,-170.7,59.8
9.333,-186.6,-170.7,79.6
9.367,-186.6,-170.7,139.8
9.400,-186.6,-170.7,177.7
9.433,-186.6,-170.7,172.4
9.467,-186.6,-170.7,172.1
9.500,-186.6,-170.7,162.5
9.533,-186.6,-170.7,151.6
9.567,-186.6,-170.7,95.0
9.600,-186.6,-170.7,65.7
9.633,-186.6,-170.7,60.7
9.667,-186.6,-170.7,63.1
9.700,-186.6,-170.7,63.2
9.733,-186.6,-170.7,120.6
9.767,-186.6,-170.7,171.2
9.800,-186.6,-170.7,181.7
9.833,-186.6,-170.7,177.1
9.867,-186.6,-170.7,179.5
9.900,-186.6,-170.7,167.6
9.933,-186.6,-170.7,163.3
9.967,-186.6,-170.7,107.6
10.000,-186.6,-170.7,66.6
10.033,-186.6,-170.7,60.0
10.067,-186.6,-170.7,62.8
10.100,-186.6,-170.7,60.4
10.133,-186.6,-170.7,65.8
10.167,-186.6,-170.7,107.5
10.200,-186.6,-170.7,163.1
10.233,-186.6,-170.7,170.7
10.267,-186.6,-170.7,171.9
10.300,-186.6,-170.7,164.4
10.333,-186.6,-170.7,162.6
10.367,-186.6,-170.7,129.4
10.400,-186.6,-170.7,85.8
10.433,-186.6,-170.7,60.4
10.467,-186.6,-170.7,61.6
10.500,-186.6,-170.7,60.6
10.533,-186.6,-170.7,67.6
10.567,-186.6,-170.7,125.6
10.600,-186.6,-170.7,177.0
10.633,-186.6,-170.7,179.1
10.667,-186.6,-170.7,178.6
10.700,-186.6,-170.7,167.9
10.733,-186.6,-170.7,168.0
10.767,-186.6,-170.7,153.3
10.800,-186.6,-170.7,107.1
10.833,-186.6,-170.7,62.2
10.867,-186.6,-170.7,61.9
10.900,-186.6,-170.7,59.7
10.933,-186.6,-170.7,61.7
10.967,-186.6,-170.7,63.5
11.000,-186.6,-170.7,107.9
11.033,-186.6,-170.7,159.2
11.067,-186.6,-170.7,176.8
11.100,-186.6,-170.7,168.1
11.133,-186.6,-170.7,169.0
11.167,-186.6,-170.7,158.9
11.200,-186.6,-170.7,139.5
11.233,-186.6,-170.7,80.8
11.267,-186.6,-170.7,63.1
11.300,-186.6,-170.7,60.2
11.333,-186.6,-170.7,63.0
11.367,-186.6,-170.7,68.8
11.400,-186.6,-170.7,136.3
11.433,-186.6,-170.7,172.2
11.467,-186.6,-170.7,182.9
11.500,-186.6,-170.7,174.9
11.533,-186.6,-170.7,172.6
11.567,-186.6,-170.7,161.3
11.600,-186.6,-170.7,155.8
11.633,-186.6,-170.7,94.4
11.667,-186.6,-170.7,63.8
11.700,-186.6,-170.7,60.1
11.733,-186.6,-170.7,61.7
11.767,-186.6,-170.7,60.6
11.800,-186.6,-170.7,66.9
11.833,-186.6,-170.7,119.5
11.867,-186.6,-170.7,168.0
11.900,-186.6,-170.7,172.5
11.933,-186.6,-170.7,172.5
11.967,-186.6,-170.7,164.7
12.000,-186.6,-170.7,162.1
12.033,-186.6,-170.7,119.7
12.067,-186.6,-170.7,75.5
12.100,-186.6,-170.7,62.9
12.133,-186.6,-170.7,63.9
12.167,-186.6,-170.7,60.8
12.200,-186.6,-170.7,84.7
12.233,-186.6,-170.7,152.4
12.267,-186.6,-170.7,180.6
12.300,-186.6,-170.7,178.4
12.333,-186.6,-170.7,178.3
12.367,-186.6,-170.7,170.8
12.400,-186.6,-170.7,168.9
12.433,-186.6,-170.7,137.0
12.467,-186.6,-170.7,82.6
12.500,-186.6,-170.7,61.1
12.533,-186.6,-170.7,62.3
12.567,-186.6,-170.7,58.9
12.600,-186.6,-170.7,61.7
12.633,-186.6,-170.7,85.2
12.667,-186.6,-170.7,143.5
12.700,-186.6,-170.7,173.1
12.733,-186.6,-170.7,177.9
12.767,-186.6,-170.7,167.7
12.800,-186.6,-170.7,166.8
12.833,-186.6,-170.7,144.4
12.867,-186.6,-170.7,100.6
12.900,-186.6,-170.7,62.6
12.933,-186.6,-170.7,62.9
12.967,-186.6,-170.7,61.3
13.000,-186.6,-170.7,63.9
13.033,-186.6,-170.7,121.5
13.067,-186.6,-170.7,175.5
13.100,-186.6,-170.7,179.4
13.133,-186.6,-170.7,181.4
13.167,-186.6,-170.7,172.2
13.200,-186.6,-170.7,170.9
13.233,-186.6,-170.7,154.7
13.267,-186.6,-170.7,111.1
13.300,-186.6,-170.7,63.6
13.333,-186.6,-170.7,63.1
13.367,-186.6,-170.7,61.0
13.400,-186.6,-170.7,62.1
13.433,-186.6,-170.7,64.5
13.467,-186.6,-170.7,113.6
13.500,-186.6,-170.7,164.7
13.533,-186.6,-170.7,175.7
13.567,-186.6,-170.7,167.7
13.600,-186.6,-170.7,169.2
13.633,-186.6,-170.7,158.1
13.667,-186.6,-170.7,130.5
13.700,-186.6,-170.7,74.7
13.733,-186.6,-170.7,62.5
13.767,-186.6,-170.7,61.4
13.800,-186.6,-170.7,63.0
13.833,-186.6,-170.7,81.1
13.867,-186.6,-170.7,148.9
13.900,-186.6,-170.7,175.7
13.933,-186.6,-170.7,183.2
13.967,-186.6,-170.7,177.4
14.000,-186.6,-170.7,174.6
14.033,-186.6,-170.7,165.8
14.067,-186.6,-170.7,144.0
14.100,-186.6,-170.7,77.6
14.133,-186.6,-170.7,63.9
14.167,-186.6,-170.7,63.5
14.200,-186.6,-170.7,63.5
14.233,-186.6,-170.7,62.6
14.267,-186.6,-170.7,75.6
14.300,-186.6,-170.7,135.6
14.333,-186.6,-170.7,174.8
14.367,-186.6,-170.7,173.5
14.400,-186.6,-170.7,171.1
14.433,-186.6,-170.7,166.1
14.467,-186.6,-170.7,154.7
14.500,-186.6,-170.7,108.0
14.533,-186.6,-170.7,69.9
14.567,-186.6,-170.7,62.1
14.600,-186.6,-170.7,63.7
14.633,-186.6,-170.7,62.7
14.667,-186.6,-170.7,92.3
14.700,-186.6,-170.7,161.2
14.733,-186.6,-170.7,181.2
14.767,-186.6,-170.7,180.5
14.800,-186.6,-170.7,177.2
14.833,-186.6,-170.7,171.1
14.867,-186.6,-170.7,165.6
14.900,-186.6,-170.7,126.8
14.933,-186.6,-170.7,75.2
14.967,-186.6,-170.7,62.0
15.000,-186.6,-170.7,61.5
15.033,-186.6,-170.7,62.0
15.067,-186.6,-170.7,63.8
15.100,-186.6,-170.7,88.8
15.133,-186.6,-170.7,144.9
15.167,-186.6,-170.7,170.6
15.200,-186.6,-170.7,172.9
15.233,-186.6,-170.7,166.9
15.267,-186.6,-170.7,164.5
15.300,-186.6,-170.7,148.3
15.333,-186.6,-170.7,103.0
15.367,-186.6,-170.7,64.1
15.400,-186.6,-170.7,62.8
15.433,-186.6,-170.7,61.8
15.467,-186.6,-170.7,63.4
15.500,-186.6,-170.7,103.6
15.533,-186.6,-170.7,170.2
15.567,-186.6,-170.7,179.8
15.600,-186.6,-170.7,184.0
15.633,-186.6,-170.7,178.8
15.667,-186.6,-170.7,174.9
15.700,-186.6,-170.7,167.5
15.733,-186.6,-170.7,134.2
15.767,-186.6,-170.7,73.7
15.800,-186.6,-170.7,62.2
15.833,-186.6,-170.7,63.1
15.867,-186.6,-170.7,63.4
15.900,-186.6,-170.7,62.8
15.933,-186.6,-170.7,81.4
15.967,-186.6,-170.7,142.0
16.000,-186.6,-170.7,177.4
16.033,-186.6,-170.7,172.3
16.067,-186.6,-170.7,171.4
16.100,-186.6,-170.7,163.5
16.133,-186.6,-170.7,151.6
16.167,-186.6,-170.7,100.9
16.200,-186.6,-170.7,66.4
16.233,-186.6,-170.7,61.5
16.267,-186.6,-170.7,62.6
16.300,-186.6,-170.7,63.0
16.333,-186.6,-170.7,107.7
16.367,-186.6,-170.7,171.7
16.400,-186.6,-170.7,185.3
16.433,-186.6,-170.7,178.8
16.467,-186.6,-170.7,175.2
16.500,-186.6,-170.7,168.0
16.533,-186.6,-170.7,161.0
16.567,-186.6,-170.7,117.4
16.600,-186.6,-170.7,69.3
16.633,-186.6,-170.7,63.5
16.667,-186.6,-170.7,62.9
16.700,-186.6,-170.7,62.4
16.733,-186.6,-170.7,63.6
16.767,-186.6,-170.7,97.4
16.800,-186.6,-170.7,152.4
16.833,-186.6,-170.7,172.2
16.867,-186.6,-170.7,173.4
16.900,-186.6,-170.7,168.6
16.933,-186.6,-170.7,162.8
16.967,-186.6,-170.7,138.1
17.000,-186.6,-170.7,90.3
17.033,-186.6,-170.7,62.7
17.067,-186.6,-170.7,61.0
17.100,-186.6,-170.7,62.1
17.133,-186.6,-170.7,65.6
17.167,-186.6,-170.7,120.9
17.200,-186.6,-170.7,173.5
17.233,-186.6,-170.7,178.9
17.267,-186.6,-170.7,178.7
17.300,-186.6,-170.7,174.0
17.333,-186.6,-170.7,168.9
17.367,-186.6,-170.7,156.6
17.400,-186.6,-170.7,109.3
17.433,-186.6,-170.7,65.1
17.467,-186.6,-170.7,63.6
17.500,-186.6,-170.7,62.7
17.533,-186.6,-170.7,62.8
17.567,-186.6,-170.7,63.6
17.600,-186.6,-170.7,105.0
17.633,-186.6,-170.7,158.7
17.667,-186.6,-170.7,178.2
17.700,-186.6,-170.7,176.8
17.733,-186.6,-170.7,171.7
17.767,-186.6,-170.7,162.1
17.800,-186.6,-170.7,136.8
17.833,-186.6,-170.7,83.5
17.867,-186.6,-170.7,64.6
17.900,-186.6,-170.7,62.3
17.933,-186.6,-170.7,61.9
17.967,-186.6,-170.7,65.7
18.000,-186.6,-170.7,123.8
18.033,-186.6,-170.7,176.5
18.067,-186.6,-170.7,183.6
18.100,-186.6,-170.7,181.8
18.133,-186.6,-170.7,175.0
18.167,-186.6,-170.7,167.2
18.200,-186.6,-170.7,155.8
18.233,-186.6,-170.7,104.6
18.267,-186.6,-170.7,63.8
18.300,-186.6,-170.7,61.5
18.333,-186.6,-170.7,60.8
18.367,-186.6,-170.7,62.1
18.400,-186.6,-170.7,62.8
18.433,-186.6,-170.7,100.8
18.467,-186.6,-170.7,153.7
18.500,-186.6,-170.7,173.9
18.533,-186.6,-170.7,170.9
18.567,-186.6,-170.7,166.4
18.600,-186.6,-170.7,159.5
18.633,-186.6,-170.7,136.1
18.667,-186.6,-170.7,88.8
18.700,-186.6,-170.7,63.1
18.733,-186.6,-170.7,61.5
18.767,-186.6,-170.7,61.6
18.800,-186.6,-170.7,67.4
18.833,-186.6,-170.7,129.7
18.867,-186.6,-170.7,172.6
18.900,-186.6,-170.7,178.5
18.933,-186.6,-170.7,178.2
18.967,-186.6,-170.7,171.6
19.000,-186.6,-170.7,167.6
19.033,-186.6,-170.7,156.5
19.067,-186.6,-170.7,109.8
19.100,-186.6,-170.7,64.5
19.133,-186.6,-170.7,61.2
19.167,-186.6,-170.7,61.5
19.200,-186.6,-170.7,61.9
19.233,-186.6,-170.7,62.6
19.267,-186.6,-170.7,105.3
19.300,-186.6,-170.7,159.5
19.333,-186.6,-170.7,174.9
19.367,-186.6,-170.7,172.1
19.400,-186.6,-170.7,166.9
19.433,-186.6,-170.7,160.7
19.467,-186.6,-170.7,135.5
19.500,-186.6,-170.7,87.6
19.533,-186.6,-170.7,63.6
19.567,-186.6,-170.7,63.2
19.600,-186.6,-170.7,61.9
19.633,-186.6,-170.7,70.1
19.667,-186.6,-170.7,175.1
19.767,-186.6,-170.7,182.7
19.800,-186.6,-170.7,180.2
19.833,-186.6,-170.7,176.2
19.867,-186.6,-170.7,172.3
19.900,-186.6,-170.7,153.9
19.933,-186.6,-170.7,97.9
19.967,-186.6,-170.7,63.1
20.000,-186.6,-170.7,61.7
20.033,-186.6,-170.7,59.7
20.067,-186.6,-170.7,62.0
20.100,-186.6,-170.7,63.9
20.133,-186.6,-170.7,113.5
20.167,-186.6,-170.7,160.4
20.200,-186.6,-170.7,175.2
20.233,-186.6,-170.7,172.4
20.267,-186.6,-170.7,168.3
20.300,-186.6,-170.7,158.3
20.333,-186.6,-170.7,130.7
20.367,-186.6,-170.7,82.6
20.400,-186.6,-170.7,63.6
20.433,-186.6,-170.7,62.2
20.467,-186.6,-170.7,63.0
20.500,-186.6,-170.7,70.4
20.533,-186.6,-170.7,137.7
20.567,-186.6,-170.7,178.5
20.600,-186.6,-170.7,184.3
20.633,-186.6,-170.7,183.7
20.667,-186.6,-170.7,178.4
20.700,-186.6,-170.7,168.1
20.733,-186.6,-170.7,154.3
20.767,-186.6,-170.7,105.2
20.800,-186.6,-170.7,63.7
20.833,-186.6,-170.7,62.1
20.867,-186.6,-170.7,61.6
20.900,-186.6,-170.7,61.1
20.933,-186.6,-170.7,62.1
20.967,-186.6,-170.7,95.3
21.000,-186.6,-170.7,154.1
21.033,-186.6,-170.7,174.9
21.067,-186.6,-170.7,174.7
21.100,-186.6,-170.7,168.2
21.133,-186.6,-170.7,161.1
21.167,-186.6,-170.7,132.5
21.200,-186.6,-170.7,84.2
21.233,-186.6,-170.7,61.2
21.267,-186.6,-170.7,62.3
21.300,-186.6,-170.7,61.0
21.333,-186.6,-170.7,69.2
21.367,-186.6,-170.7,129.3
21.400,-186.6,-170.7,177.8
21.433,-186.6,-170.7,182.2
21.467,-186.6,-170.7,181.3
21.500,-186.6,-170.7,172.6
21.533,-186.6,-170.7,167.6
21.567,-186.6,-170.7,152.3
21.600,-186.6,-170.7,100.0
21.633,-186.6,-170.7,62.2
21.667,-186.6,-170.7,61.7
21.700,-186.6,-170.7,59.9
21.733,-186.6,-170.7,61.4
21.767,-186.6,-170.7,62.2
21.800,-186.6,-170.7,107.0
21.833,-186.6,-170.7,163.5
21.867,-186.6,-170.7,176.5
21.900,-186.6,-170.7,171.6
21.933,-186.6,-170.7,170.4
21.967,-186.6,-170.7,157.0
22.000,-186.6,-170.7,129.9
22.033,-186.6,-170.7,78.0
22.067,-186.6,-170.7,62.8
22.100,-186.6,-170.7,60.3
22.133,-186.6,-170.7,63.1
22.167,-186.6,-170.7,73.3
22.200,-186.6,-170.7,144.3
22.233,-186.6,-170.7,178.9
22.267,-186.6,-170.7,181.2
22.300,-186.6,-170.7,174.8
22.333,-186.6,-170.7,174.0
22.367,-186.6,-170.7,162.3
22.400,-186.6,-170.7,145.8
22.433,-186.6,-170.7,91.4
22.467,-186.6,-170.7,63.2
22.500,-186.6,-170.7,61.9
22.533,-186.6,-170.7,62.7
22.567,-186.6,-170.7,62.1
22.600,-186.6,-170.7,70.6
22.633,-186.6,-170.7,119.3
22.667,-186.6,-170.7,170.8
22.700,-186.6,-170.7,179.5
22.733,-186.6,-170.7,174.2
22.767,-186.6,-170.7,164.7
22.800,-186.6,-170.7,155.9
22.833,-186.6,-170.7,111.2
22.867,-186.6,-170.7,70.2
22.900,-186.6,-170.7,60.5
22.933,-186.6,-170.7,63.0
22.967,-186.6,-170.7,61.6
23.000,-186.6,-170.7,84.6
23.033,-186.6,-170.7,150.5
23.067,-186.6,-170.7,182.6
23.100,-186.6,-170.7,182.8
23.133,-186.6,-170.7,177.3
23.167,-186.6,-170.7,169.0
23.200,-186.6,-170.7,164.1
23.233,-186.6,-170.7,128.6
23.267,-186.6,-170.7,74.9
23.300,-186.6,-170.7,60.4
23.333,-186.6,-170.7,60.9
23.367,-186.6,-170.7,60.4
23.400,-186.6,-170.7,60.3
23.433,-186.6,-170.7,71.9
23.467,-186.6,-170.7,132.5
23.500,-186.6,-170.7,166.5
23.533,-186.6,-170.7,173.9
23.567,-186.6,-170.7,169.0
23.600,-186.6,-170.7,168.6
23.633,-186.6,-170.7,145.3
23.667,-186.6,-170.7,102.4
23.700,-186.6,-170.7,63.0
23.733,-186.6,-170.7,61.6
23.767,-186.6,-170.7,59.1
23.800,-186.6,-170.7,62.8
23.833,-186.6,-170.7,91.2
23.867,-186.6,-170.7,160.2
23.900,-186.6,-170.7,178.5
23.933,-186.6,-170.7,181.1
23.967,-186.6,-170.7,173.6
24.000,-186.6,-170.7,173.7
24.033,-186.6,-170.7,155.2
24.067,-186.6,-170.7,122.3
24.100,-186.6,-170.7,69.5
24.133,-186.6,-170.7,61.9
24.167,-186.6,-170.7,59.9
24.200,-186.6,-170.7,61.4
24.233,-186.6,-170.7,59.4
24.267,-186.6,-170.7,86.5
24.300,-186.6,-170.7,140.4
24.333,-186.6,-170.7,175.8
24.367,-186.6,-170.7,176.7
24.400,-186.6,-170.7,175.6
24.433,-186.6,-170.7,163.2
24.467,-186.6,-170.7,143.3
24.500,-186.6,-170.7,90.4
24.533,-186.6,-170.7,63.9
24.567,-186.6,-170.7,60.0
24.600,-186.6,-170.7,61.7
24.633,-186.6,-170.7,60.8
24.667,-186.6,-170.7,109.2
24.700,-186.6,-170.7,165.9
24.733,-186.6,-170.7,180.3
24.767,-186.6,-170.7,179.0
24.800,-186.6,-170.7,177.8
24.833,-186.6,-170.7,166.8
24.867,-186.6,-170.7,161.8
24.900,-186.6,-170.7,110.4
24.933,-186.6,-170.7,68.7
24.967,-186.6,-170.7,61.1
25.000,-186.6,-170.7,61.8
25.033,-186.6,-170.7,60.1
25.067,-186.6,-170.7,63.0
25.100,-186.6,-170.7,91.0
25.133,-186.6,-170.7,153.6
25.167,-186.6,-170.7,175.3
25.200,-186.6,-170.7,176.7
25.233,-186.6,-170.7,167.1
25.267,-186.6,-170.7,165.2
25.300,-186.6,-170.7,133.7
25.333,-186.6,-170.7,91.5
25.367,-186.6,-170.7,61.1
25.400,-186.6,-170.7,62.0
25.433,-186.6,-170.7,59.8
25.467,-186.6,-170.7,64.7
25.500,-186.6,-170.7,112.5
25.533,-186.6,-170.7,173.1
25.567,-186.6,-170.7,180.3
25.600,-186.6,-170.7,181.6
25.633,-186.6,-170.7,174.8
25.667,-186.6,-170.7,173.5
25.700,-186.6,-170.7,154.4
25.733,-186.6,-170.7,111.8
25.767,-186.6,-170.7,63.1
25.800,-186.6,-170.7,63.0
25.833,-186.6,-170.7,59.4
25.867,-186.6,-170.7,61.7
25.900,-186.6,-170.7,60.6
25.933,-186.6,-170.7,99.6
25.967,-186.6,-170.7,149.4
26.000,-186.6,-170.7,179.0
26.033,-186.6,-170.7,169.8
26.067,-186.6,-170.7,170.2
26.100,-186.6,-170.7,154.7
26.133,-186.6,-170.7,135.7
26.167,-186.6,-170.7,82.6
26.200,-186.6,-170.7,63.0
26.233,-186.6,-170.7,60.5
26.267,-186.6,-170.7,61.7
26.300,-186.6,-170.7,64.4
26.333,-186.6,-170.7,124.0
26.367,-186.6,-170.7,168.6
26.400,-186.6,-170.7,180.4
26.433,-186.6,-170.7,174.9
26.467,-186.6,-170.7,174.6
26.500,-186.6,-170.7,164.4
26.533,-186.6,-170.7,157.9
26.567,-186.6,-170.7,101.2
26.600,-186.6,-170.7,64.4
26.633,-186.6,-170.7,59.5
26.667,-186.6,-170.7,63.7
26.700,-186.6,-170.7,59.3
26.733,-186.6,-170.7,63.6
26.767,-186.6,-170.7,99.9
26.800,-186.6,-170.7,162.3
26.833,-186.6,-170.7,172.3
26.867,-186.6,-170.7,176.3
26.900,-186.6,-170.7,163.2
26.933,-186.6,-170.7,159.4
26.967,-186.6,-170.7,121.3
27.000,-186.6,-170.7,76.6
27.033,-186.6,-170.7,59.7
27.067,-186.6,-170.7,63.5
27.100,-186.6,-170.7,59.3
27.133,-186.6,-170.7,77.6
27.167,-186.6,-170.7,137.2
27.200,-186.6,-170.7,184.8
27.233,-186.6,-170.7,180.9
27.267,-186.6,-170.7,182.1
27.300,-186.6,-170.7,169.5
27.333,-186.6,-170.7,168.3
27.367,-186.6,-170.7,141.3
27.400,-186.6,-170.7,92.3
27.433,-186.6,-170.7,61.1
27.467,-186.6,-170.7,64.2
27.500,-186.6,-170.7,58.6
27.533,-186.6,-170.7,63.8
27.567,-186.6,-170.7,67.1
27.600,-186.6,-170.7,122.5
27.633,-186.6,-170.7,162.2
27.667,-186.6,-170.7,177.8
27.700,-186.6,-170.7,166.8
27.733,-186.6,-170.7,168.1
27.767,-186.6,-170.7,156.0
27.800,-186.6,-170.7,129.7
27.833,-186.6,-170.7,75.0
27.867,-186.6,-170.7,64.4
27.900,-186.6,-170.7,61.3
27.933,-186.6,-170.7,63.5
27.967,-186.6,-170.7,73.8
28.000,-186.6,-170.7,148.9
28.033,-186.6,-170.7,172.2
28.067,-186.6,-170.7,179.5
28.100,-186.6,-170.7,173.0
28.133,-186.6,-170.7,173.7
28.167,-186.6,-170.7,161.1
28.200,-186.6,-170.7,146.9
28.233,-186.6,-170.7,83.2
28.267,-186.6,-170.7,61.5
28.300,-186.6,-170.7,59.1
28.333,-186.6,-170.7,62.3
28.367,-186.6,-170.7,59.4
28.400,-186.6,-170.7,71.6
28.433,-186.6,-170.7,122.1
28.467,-186.6,-170.7,175.4
28.500,-186.6,-170.7,171.1
28.533,-186.6,-170.7,169.8
28.567,-186.6,-170.7,158.4
28.600,-186.6,-170.7,157.5
28.633,-186.6,-170.7,112.6
28.667,-186.6,-170.7,71.9
28.700,-186.6,-170.7,59.7
28.733,-186.6,-170.7,62.5
28.767,-186.6,-170.7,58.0
28.800,-186.6,-170.7,82.6
28.833,-186.6,-170.7,146.3
28.867,-186.6,-170.7,181.7
28.900,-186.6,-170.7,180.1
28.933,-186.6,-170.7,180.4
28.967,-186.6,-170.7,167.6
29.000,-186.6,-170.7,170.2
29.033,-186.6,-170.7,138.6
29.067,-186.6,-170.7,89.6
29.100,-186.6,-170.7,59.3
29.133,-186.6,-170.7,62.0
29.167,-186.6,-170.7,58.4
29.200,-186.6,-170.7,61.9
29.233,-186.6,-170.7,63.1
29.267,-186.6,-170.7,117.8
29.300,-186.6,-170.7,160.9
29.333,-186.6,-170.7,174.9
29.367,-186.6,-170.7,164.9
29.400,-186.6,-170.7,167.2
29.433,-186.6,-170.7,149.6
29.467,-186.6,-170.7,124.4
29.500,-186.6,-170.7,71.8
29.533,-186.6,-170.7,62.1
29.567,-186.6,-170.7,57.4
29.600,-186.6,-170.7,63.0
29.633,-186.6,-170.7,73.4
29.667,-186.6,-170.7,150.5
29.700,-186.6,-170.7,176.6
29.733,-186.6,-170.7,183.4
29.767,-186.6,-170.7,174.2
29.800,-186.6,-170.7,175.7
29.833,-186.6,-170.7,162.3
29.867,-186.6,-170.7,152.8
29.900,-186.6,-170.7,90.7
29.933,-186.6,-170.7,63.6
29.967,-186.6,-170.7,57.3
30.000,-186.6,-170.7,63.0
30.033,-186.6,-170.7,59.4
30.067,-186.6,-170.7,72.9
30.100,-186.6,-170.7,120.7
30.133,-186.6,-170.7,170.5
30.167,-186.6,-170.7,169.6
30.200,-186.6,-170.7,172.6
30.233,-186.6,-170.7,159.6
30.267,-186.6,-170.7,158.9
30.300,-186.6,-170.7,108.8
30.333,-186.6,-170.7,69.4
30.367,-186.6,-170.7,59.5
30.400,-186.6,-170.7,62.8
30.433,-186.6,-170.7,59.4
30.467,-186.6,-170.7,99.1
30.500,-186.6,-170.7,158.8
30.533,-186.6,-170.7,183.7
30.567,-186.6,-170.7,178.5
30.600,-186.6,-170.7,180.4
30.633,-186.6,-170.7,166.1
30.667,-186.6,-170.7,165.2
30.700,-186.6,-170.7,121.3
30.733,-186.6,-170.7,72.9
30.767,-186.6,-170.7,57.6
30.800,-186.6,-170.7,62.2
30.833,-186.6,-170.7,58.5
30.867,-186.6,-170.7,62.3
30.900,-186.6,-170.7,84.9
30.933,-186.6,-170.7,152.0
30.967,-186.6,-170.7,170.8
31.000,-186.6,-170.7,177.7
31.033,-186.6,-170.7,165.2
31.067,-186.6,-170.7,166.7
31.100,-186.6,-170.7,137.3
31.133,-186.6,-170.7,97.6
31.167,-186.6,-170.7,61.3
31.200,-186.6,-170.7,64.3
31.233,-186.6,-170.7,59.1
31.267,-186.6,-170.7,64.7
31.300,-186.6,-170.7,111.6
31.333,-186.6,-170.7,173.8
31.367,-186.6,-170.7,175.9
31.400,-186.6,-170.7,181.9
31.433,-186.6,-170.7,168.1
31.467,-186.6,-170.7,174.1
31.500,-186.6,-170.7,154.7
31.533,-186.6,-170.7,119.4
31.567,-186.6,-170.7,64.0
31.600,-186.6,-170.7,62.9
31.633,-186.6,-170.7,58.0
31.667,-186.6,-170.7,63.4
31.700,-186.6,-170.7,59.6
31.733,-186.6,-170.7,100.7
31.767,-186.6,-170.7,149.7
31.800,-186.6,-170.7,179.7
31.833,-186.6,-170.7,170.4
31.867,-186.6,-170.7,173.6
31.900,-186.6,-170.7,156.7
31.933,-186.6,-170.7,142.4
31.967,-186.6,-170.7,83.1
32.000,-186.6,-170.7,64.1
32.033,-186.6,-170.7,58.5
32.067,-186.6,-170.7,61.1
32.100,-186.6,-170.7,61.0
32.133,-186.6,-170.7,121.7
32.167,-186.6,-170.7,170.7
32.200,-186.6,-170.7,185.0
32.233,-186.6,-170.7,174.7
32.267,-186.6,-170.7,178.4
32.300,-186.6,-170.7,165.8
32.333,-186.6,-170.7,169.3
32.367,-186.6,-170.7,119.5
32.400,-186.6,-170.7,71.1
32.433,-186.6,-170.7,57.9
32.467,-186.6,-170.7,62.7
32.500,-186.6,-170.7,57.9
32.533,-186.6,-170.7,62.6
32.567,-186.6,-170.7,82.4
32.600,-186.6,-170.7,151.9
32.633,-186.6,-170.7,174.4
32.667,-186.6,-170.7,178.7
32.700,-186.6,-170.7,162.5
32.733,-186.6,-170.7,164.7
32.767,-186.6,-170.7,135.8
32.800,-186.6,-170.7,98.5
32.833,-186.6,-170.7,58.9
32.867,-186.6,-170.7,62.4
32.900,-186.6,-170.7,58.5
32.933,-186.6,-170.7,64.1
32.967,-186.6,-170.7,108.9
33.000,-186.6,-170.7,178.6
33.033,-186.6,-170.7,176.8
33.067,-186.6,-170.7,181.3
33.100,-186.6,-170.7,168.7
33.133,-186.6,-170.7,173.1
33.167,-186.6,-170.7,153.8
33.200,-186.6,-170.7,120.0
33.233,-186.6,-170.7,64.3
33.267,-186.6,-170.7,62.7
33.300,-186.6,-170.7,57.0
33.333,-186.6,-170.7,62.3
33.367,-186.6,-170.7,58.9
33.400,-186.6,-170.7,92.2
33.433,-186.6,-170.7,142.6
33.467,-186.6,-170.7,175.5
33.500,-186.6,-170.7,167.0
33.533,-186.6,-170.7,172.8
33.567,-186.6,-170.7,155.3
33.600,-186.6,-170.7,140.8
33.633,-186.6,-170.7,82.4
33.667,-186.6,-170.7,63.3
33.700,-186.6,-170.7,57.4
33.733,-186.6,-170.7,62.8
33.767,-186.6,-170.7,63.9
33.800,-186.6,-170.7,129.2
33.833,-186.6,-170.7,171.0
33.867,-186.6,-170.7,185.2
33.900,-186.6,-170.7,176.4
33.933,-186.6,-170.7,179.1
33.967,-186.6,-170.7,163.2
34.000,-186.6,-170.7,160.5
34.033,-186.6,-170.7,95.9
34.067,-186.6,-170.7,63.4
34.100,-186.6,-170.7,57.0
34.133,-186.6,-170.7,60.7
34.167,-186.6,-170.7,57.7
34.200,-186.6,-170.7,66.2
34.233,-186.6,-170.7,108.8
34.267,-186.6,-170.7,166.2
34.300,-186.6,-170.7,170.6
34.333,-186.6,-170.7,175.0
34.367,-186.6,-170.7,160.1
34.400,-186.6,-170.7,163.5
34.433,-186.6,-170.7,113.8
34.467,-186.6,-170.7,73.7
34.500,-186.6,-170.7,57.9
34.533,-186.6,-170.7,62.8
34.567,-186.6,-170.7,58.1
34.600,-186.6,-170.7,83.9
34.633,-186.6,-170.7,144.0
34.667,-186.6,-170.7,182.1
34.700,-186.6,-170.7,178.9
34.733,-186.6,-170.7,181.8
34.767,-186.6,-170.7,165.5
34.800,-186.6,-170.7,165.6
34.833,-186.6,-170.7,121.6
34.867,-186.6,-170.7,76.0
34.900,-186.6,-170.7,55.9
34.933,-186.6,-170.7,62.3
34.967,-186.6,-170.7,57.5
35.000,-186.6,-170.7,62.8
35.033,-186.6,-170.7,75.4
35.067,-186.6,-170.7,138.7
35.100,-186.6,-170.7,164.7
35.133,-186.6,-170.7,174.3
35.167,-186.6,-170.7,159.4
35.200,-186.6,-170.7,165.2
35.233,-186.6,-170.7,129.6
35.267,-186.6,-170.7,89.1
35.300,-186.6,-170.7,57.9
35.333,-186.6,-170.7,62.0
35.367,-186.6,-170.7,56.9
35.400,-186.6,-170.7,65.0
35.433,-186.6,-170.7,108.0
35.467,-186.6,-170.7,171.1
35.500,-186.6,-170.7,170.8
35.533,-186.6,-170.7,177.5
35.567,-186.6,-170.7,165.7
35.600,-186.6,-170.7,171.8
35.633,-186.6,-170.7,145.9
35.667,-186.6,-170.7,108.4
35.700,-186.6,-170.7,60.2
35.733,-186.6,-170.7,63.3
35.767,-186.6,-170.7,57.9
35.800,-186.6,-170.7,64.0
35.833,-186.6,-170.7,57.9
35.867,-186.6,-170.7,103.2
35.900,-186.6,-170.7,149.4
35.933,-186.6,-170.7,180.0
35.967,-186.6,-170.7,168.3
36.000,-186.6,-170.7,172.9
36.033,-186.6,-170.7,151.7
36.067,-186.6,-170.7,126.6
36.100,-186.6,-170.7,73.4
36.133,-186.6,-170.7,63.9
36.167,-186.6,-170.7,58.6
36.200,-186.6,-170.7,63.1
36.233,-186.6,-170.7,67.0
36.267,-186.6,-170.7,132.7
36.300,-186.6,-170.7,165.9
36.333,-186.6,-170.7,181.8
36.367,-186.6,-170.7,172.3
36.400,-186.6,-170.7,179.3
36.433,-186.6,-170.7,164.2
36.467,-186.6,-170.7,159.7
36.500,-186.6,-170.7,90.8
36.533,-186.6,-170.7,64.1
36.567,-186.6,-170.7,57.0
36.600,-186.6,-170.7,61.7
36.633,-186.6,-170.7,57.3
36.667,-186.6,-170.7,65.4
36.700,-186.6,-170.7,107.2
36.733,-186.6,-170.7,163.0
36.767,-186.6,-170.7,169.9
36.800,-186.6,-170.7,174.2
36.833,-186.6,-170.7,157.1
36.867,-186.6,-170.7,157.9
36.900,-186.6,-170.7,112.2
36.933,-186.6,-170.7,74.8
36.967,-186.6,-170.7,57.7
37.000,-186.6,-170.7,62.9
37.033,-186.6,-170.7,57.6
37.067,-186.6,-170.7,82.3
37.100,-186.6,-170.7,143.6
37.133,-186.6,-170.7,182.5
37.167,-186.6,-170.7,177.4
37.200,-186.6,-170.7,178.5
37.233,-186.6,-170.7,163.1
37.267,-186.6,-170.7,167.8
37.300,-186.6,-170.7,126.4
37.333,-186.6,-170.7,81.0
37.367,-186.6,-170.7,57.2
37.400,-186.6,-170.7,62.4
37.433,-186.6,-170.7,56.7
37.467,-186.6,-170.7,61.9
37.500,-186.6,-170.7,71.2
37.533,-186.6,-170.7,132.9
37.567,-186.6,-170.7,161.4
37.600,-186.6,-170.7,175.9
37.633,-186.6,-170.7,162.3
37.667,-186.6,-170.7,167.4
37.700,-186.6,-170.7,136.7
37.733,-186.6,-170.7,100.8
37.767,-186.6,-170.7,58.8
37.800,-186.6,-170.7,62.3
37.833,-186.6,-170.7,58.0
37.867,-186.6,-170.7,62.1
37.900,-186.6,-170.7,91.1
37.933,-186.6,-170.7,162.4
37.967,-186.6,-170.7,174.8
38.000,-186.6,-170.7,180.4
38.033,-186.6,-170.7,167.5
38.067,-186.6,-170.7,174.3
38.100,-186.6,-170.7,153.5
38.133,-186.6,-170.7,123.8
38.167,-186.6,-170.7,63.8
38.200,-186.6,-170.7,61.8
38.233,-186.6,-170.7,56.6
38.267,-186.6,-170.7,62.6
38.300,-186.6,-170.7,57.2
38.333,-186.6,-170.7,87.1
38.367,-186.6,-170.7,135.1
38.400,-186.6,-170.7,171.8
38.433,-186.6,-170.7,163.2
38.467,-186.6,-170.7,167.2
38.500,-186.6,-170.7,151.2
38.533,-186.6,-170.7,132.7
38.567,-186.6,-170.7,74.6
38.600,-186.6,-170.7,62.5
38.633,-186.6,-170.7,57.7
38.667,-186.6,-170.7,63.8
38.700,-186.6,-170.7,63.7
38.733,-186.6,-170.7,130.1
38.767,-186.6,-170.7,169.8
38.800,-186.6,-170.7,183.9
38.833,-186.6,-170.7,175.5
38.867,-186.6,-170.7,176.9
38.900,-186.6,-170.7,158.2
38.933,-186.6,-170.7,150.5
38.967,-186.6,-170.7,85.1
39.000,-186.6,-170.7,65.1
39.033,-186.6,-170.7,59.0
39.067,-186.6,-170.7,63.4
39.100,-186.6,-170.7,57.5
39.133,-186.6,-170.7,66.0
39.167,-186.6,-170.7,102.1
39.200,-186.6,-170.7,160.5
39.233,-186.6,-170.7,171.0
39.267,-186.6,-170.7,178.7
39.300,-186.6,-170.7,161.9
39.333,-186.6,-170.7,158.6
39.367,-186.6,-170.7,108.1
39.400,-186.6,-170.7,70.6
39.433,-186.6,-170.7,57.5
39.467,-186.6,-170.7,62.6
39.500,-186.6,-170.7,57.6
39.533,-186.6,-170.7,74.3
39.567,-186.6,-170.7,128.0
39.600,-186.6,-170.7,178.3
39.633,-186.6,-170.7,173.5
39.667,-186.6,-170.7,179.5
39.700,-186.6,-170.7,162.3
39.733,-186.6,-170.7,168.3
39.767,-186.6,-170.7,131.5
39.800,-186.6,-170.7,85.5
39.833,-186.6,-170.7,58.3
39.867,-186.6,-170.7,63.3
39.900,-186.6,-170.7,58.2
39.933,-186.6,-170.7,63.2
39.967,-186.6,-170.7,62.2
40.000,-186.6,-170.7,119.5
40.033,-186.6,-170.7,153.0
40.067,-186.6,-170.7,180.4
40.100,-186.6,-170.7,168.4
40.133,-186.6,-170.7,171.8
40.167,-186.6,-170.7,141.7
40.200,-186.6,-170.7,109.5
40.233,-186.6,-170.7,62.0
40.267,-186.6,-170.7,63.1
40.300,-186.6,-170.7,57.0
40.333,-186.6,-170.7,62.9
40.367,-186.6,-170.7,75.4
40.400,-186.6,-170.7,144.1
40.433,-186.6,-170.7,173.1
40.467,-186.6,-170.7,184.2
40.500,-186.6,-170.7,171.7
40.533,-186.6,-170.7,178.4
40.567,-186.6,-170.7,156.2
40.600,-186.6,-170.7,134.1
40.633,-186.6,-170.7,70.9
40.667,-186.6,-170.7,63.3
40.700,-186.6,-170.7,56.0
40.733,-186.6,-170.7,62.5
40.767,-186.6,-170.7,57.1
40.800,-186.6,-170.7,71.1
40.833,-186.6,-170.7,116.0
40.867,-186.6,-170.7,164.8
40.900,-186.6,-170.7,170.2
40.933,-186.6,-170.7,174.0
40.967,-186.6,-170.7,152.3
41.000,-186.6,-170.7,144.6
41.033,-186.6,-170.7,92.1
41.067,-186.6,-170.7,66.3
41.100,-186.6,-170.7,58.0
41.133,-186.6,-170.7,62.2
41.167,-186.6,-170.7,59.4
41.200,-186.6,-170.7,93.3
41.233,-186.6,-170.7,144.4
41.267,-186.6,-170.7,183.5
41.300,-186.6,-170.7,173.5
41.333,-186.6,-170.7,177.2
41.367,-186.6,-170.7,160.0
41.400,-186.6,-170.7,161.3
41.433,-186.6,-170.7,108.9
41.467,-186.6,-170.7,70.6
41.500,-186.6,-170.7,57.6
41.533,-186.6,-170.7,63.2
41.567,-186.6,-170.7,58.3
41.600,-186.6,-170.7,63.2
41.633,-186.6,-170.7,74.7
41.667,-186.6,-170.7,129.3
41.700,-186.6,-170.7,155.2
41.733,-186.6,-170.7,172.9
41.767,-186.6,-170.7,165.1
41.800,-186.6,-170.7,163.2
41.833,-186.6,-170.7,120.6
41.867,-186.6,-170.7,87.6
41.900,-186.6,-170.7,57.7
41.933,-186.6,-170.7,62.8
41.967,-186.6,-170.7,58.5
42.000,-186.6,-170.7,64.1
42.033,-186.6,-170.7,99.4
42.067,-186.6,-170.7,162.7
42.100,-186.6,-170.7,172.2
42.133,-186.6,-170.7,182.8
42.167,-186.6,-170.7,169.3
42.200,-186.6,-170.7,174.0
42.233,-186.6,-170.7,143.2
42.267,-186.6,-170.7,100.8
42.300,-186.6,-170.7,58.6
42.333,-186.6,-170.7,63.0
42.367,-186.6,-170.7,57.8
42.400,-186.6,-170.7,63.0
42.433,-186.6,-170.7,59.3
42.467,-186.6,-170.7,99.8
42.500,-186.6,-170.7,137.2
42.533,-186.6,-170.7,172.9
42.567,-186.6,-170.7,165.6
42.600,-186.6,-170.7,169.5
42.633,-186.6,-170.7,142.9
42.667,-186.6,-170.7,120.5
42.700,-186.6,-170.7,69.8
42.733,-186.6,-170.7,64.4
42.767,-186.6,-170.7,59.2
42.800,-186.6,-170.7,64.2
42.833,-186.6,-170.7,70.3
42.867,-186.6,-170.7,134.7
42.900,-186.6,-170.7,169.4
42.933,-186.6,-170.7,185.8
42.967,-186.6,-170.7,177.3
43.000,-186.6,-170.7,180.8
43.033,-186.6,-170.7,164.6
43.067,-186.6,-170.7,145.3
43.100,-186.6,-170.7,76.6
43.133,-186.6,-170.7,65.6
43.167,-186.6,-170.7,59.3
43.200,-186.6,-170.7,64.6
43.233,-186.6,-170.7,59.2
43.267,-186.6,-170.7,73.5
43.300,-186.6,-170.7,114.9
43.333,-186.6,-170.7,163.1
43.367,-186.6,-170.7,164.2
43.400,-186.6,-170.7,171.7
43.433,-186.6,-170.7,153.6
43.467,-186.6,-170.7,142.9
43.500,-186.6,-170.7,89.6
43.533,-186.6,-170.7,67.7
43.567,-186.6,-170.7,59.2
43.600,-186.6,-170.7,64.4
43.633,-186.6,-170.7,60.2
43.667,-186.6,-170.7,98.5
43.700,-186.6,-170.7,151.2
43.733,-186.6,-170.7,186.5
43.767,-186.6,-170.7,177.6
43.800,-186.6,-170.7,182.4
43.833,-186.6,-170.7,169.9
43.867,-186.6,-170.7,169.3
43.900,-186.6,-170.7,106.5
43.933,-186.6,-170.7,69.8
43.967,-186.6,-170.7,59.8
44.000,-186.6,-170.7,65.0
44.033,-186.6,-170.7,60.2
44.067,-186.6,-170.7,65.4
44.100,-186.6,-170.7,88.4
44.133,-186.6,-170.7,147.8
44.167,-186.6,-170.7,168.1
44.200,-186.6,-170.7,180.1
44.233,-186.6,-170.7,164.1
44.267,-186.6,-170.7,161.8
44.300,-186.6,-170.7,119.0
44.333,-186.6,-170.7,85.1
44.367,-186.6,-170.7,60.3
44.400,-186.6,-170.7,65.1
44.433,-186.6,-170.7,60.4
44.467,-186.6,-170.7,69.4
44.500,-186.6,-170.7,113.4
44.533,-186.6,-170.7,173.8
44.567,-186.6,-170.7,176.1
44.600,-186.6,-170.7,185.1
44.633,-186.6,-170.7,171.7
44.667,-186.6,-170.7,175.7
44.700,-186.6,-170.7,148.2
44.733,-186.6,-170.7,105.9
44.767,-186.6,-170.7,62.5
44.800,-186.6,-170.7,65.1
44.833,-186.6,-170.7,62.1
44.867,-186.6,-170.7,65.7
44.900,-186.6,-170.7,62.1
44.933,-186.6,-170.7,100.1
44.967,-186.6,-170.7,145.7
45.000,-186.6,-170.7,181.5
45.033,-186.6,-170.7,172.8
45.067,-186.6,-170.7,175.5
45.100,-186.6,-170.7,152.3
45.133,-186.6,-170.7,134.6
45.167,-186.6,-170.7,78.1
45.200,-186.6,-170.7,66.3
45.233,-186.6,-170.7,62.0
45.267,-186.6,-170.7,65.6
45.300,-186.6,-170.7,65.5
