region_D
t,x,y,luma
0.000,492.4,-87.78,199.0
0.033,492.4,-87.78,201.7
0.067,492.4,-87.78,210.0
0.100,492.4,-87.78,205.8
0.133,492.4,-87.78,205.2
0.167,492.4,-87.78,166.0
0.200,492.4,-87.78,116.0
0.233,492.4,-87.78,108.6
0.267,492.4,-87.78,119.6
0.300,492.4,-87.78,179.2
0.333,492.4,-87.78,176.1
0.367,492.4,-87.78,167.0
0.400,492.4,-87.78,181.6
0.433,492.4,-87.78,185.4
0.467,492.4,-87.78,198.9
0.500,492.4,-87.78,201.6
0.533,492.4,-87.78,208.0
0.567,492.4,-87.78,204.1
0.600,492.4,-87.78,169.7
0.633,492.4,-87.78,94.1
0.667,492.4,-87.78,97.0
0.700,492.4,-87.78,89.9
0.733,492.4,-87.78,97.7
0.767,492.4,-87.78,162.2
0.800,492.4,-87.78,186.3
0.833,492.4,-87.78,173.3
0.867,492.4,-87.78,186.9
0.900,492.4,-87.78,190.7
0.933,492.4,-87.78,200.0
0.967,492.4,-87.78,200.9
1.000,492.4,-87.78,207.9
1.033,492.4,-87.78,203.8
1.067,492.4,-87.78,203.5
1.100,492.4,-87.78,153.3
1.133,492.4,-87.78,115.6
1.167,492.4,-87.78,110.1
1.200,492.4,-87.78,121.2
1.233,492.4,-87.78,178.7
1.267,492.4,-87.78,176.3
1.300,492.4,-87.78,165.9
1.333,492.4,-87.78,183.0
1.367,492.4,-87.78,186.4
1.400,492.4,-87.78,200.0
1.433,492.4,-87.78,202.0
1.467,492.4,-87.78,209.0
1.500,492.4,-87.78,201.4
1.533,492.4,-87.78,175.3
1.567,492.4,-87.78,97.9
1.600,492.4,-87.78,97.5
1.633,492.4,-87.78,89.3
1.667,492.4,-87.78,97.8
1.700,492.4,-87.78,156.1
1.733,492.4,-87.78,189.9
1.767,492.4,-87.78,173.7
1.800,492.4,-87.78,185.4
1.833,492.4,-87.78,186.6
1.867,492.4,-87.78,199.6
1.900,492.4,-87.78,200.7
1.933,492.4,-87.78,208.8
1.967,492.4,-87.78,204.1
2.000,492.4,-87.78,202.5
2.033,492.4,-87.78,148.2
2.067,492.4,-87.78,117.4
2.100,492.4,-87.78,110.0
2.133,492.4,-87.78,127.6
2.167,492.4,-87.78,183.5
2.200,492.4,-87.78,174.2
2.233,492.4,-87.78,169.5
2.267,492.4,-87.78,184.6
2.300,492.4,-87.78,186.3
2.333,492.4,-87.78,200.1
2.367,492.4,-87.78,199.6
2.400,492.4,-87.78,207.0
2.433,492.4,-87.78,198.5
2.467,492.4,-87.78,162.1
2.500,492.4,-87.78,90.2
2.533,492.4,-87.78,97.7
2.567,492.4,-87.78,89.9
2.600,492.4,-87.78,101.1
2.633,492.4,-87.78,171.3
2.667,492.4,-87.78,186.2
2.700,492.4,-87.78,173.9
2.733,492.4,-87.78,187.1
2.767,492.4,-87.78,186.7
2.800,492.4,-87.78,199.3
2.833,492.4,-87.78,200.0
2.867,492.4,-87.78,207.0
2.900,492.4,-87.78,199.9
2.933,492.4,-87.78,197.9
2.967,492.4,-87.78,133.3
3.000,492.4,-87.78,115.6
3.033,492.4,-87.78,106.8
3.067,492.4,-87.78,134.1
3.100,492.4,-87.78,185.5
3.133,492.4,-87.78,176.8
3.167,492.4,-87.78,170.4
3.200,492.4,-87.78,186.6
3.233,492.4,-87.78,186.6
3.267,492.4,-87.78,187.8
3.300,492.4,-87.78,198.7
3.333,492.4,-87.78,196.9
3.367,492.4,-87.78,203.5
3.400,492.4,-87.78,196.2
3.433,492.4,-87.78,163.1
3.467,492.4,-87.78,93.3
3.500,492.4,-87.78,100.1
3.533,492.4,-87.78,91.4
3.567,492.4,-87.78,101.1
3.600,492.4,-87.78,165.4
3.633,492.4,-87.78,190.0
3.667,492.4,-87.78,173.5
3.700,492.4,-87.78,186.6
3.733,492.4,-87.78,186.8
3.767,492.4,-87.78,197.9
3.800,492.4,-87.78,197.4
3.833,492.4,-87.78,205.0
3.867,492.4,-87.78,198.8
3.900,492.4,-87.78,200.5
3.933,492.4,-87.78,149.5
3.967,492.4,-87.78,116.4
4.000,492.4,-87.78,106.7
4.033,492.4,-87.78,123.4
4.067,492.4,-87.78,184.1
4.100,492.4,-87.78,176.3
4.133,492.4,-87.78,165.6
4.167,492.4,-87.78,181.1
4.200,492.4,-87.78,182.1
4.233,492.4,-87.78,195.2
4.267,492.4,-87.78,195.5
4.300,492.4,-87.78,202.6
4.333,492.4,-87.78,196.2
4.367,492.4,-87.78,181.8
4.400,492.4,-87.78,100.3
4.433,492.4,-87.78,98.6
4.467,492.4,-87.78,89.2
4.500,492.4,-87.78,99.6
4.533,492.4,-87.78,137.2
4.567,492.4,-87.78,194.3
4.600,492.4,-87.78,174.3
4.633,492.4,-87.78,186.1
4.667,492.4,-87.78,185.8
4.700,492.4,-87.78,196.0
4.733,492.4,-87.78,194.0
4.767,492.4,-87.78,203.6
4.800,492.4,-87.78,198.0
4.833,492.4,-87.78,198.5
4.867,492.4,-87.78,150.1
4.900,492.4,-87.78,116.8
4.933,492.4,-87.78,108.0
4.967,492.4,-87.78,122.0
5.000,492.4,-87.78,182.8
5.033,492.4,-87.78,177.1
5.067,492.4,-87.78,168.0
5.100,492.4,-87.78,183.8
5.133,492.4,-87.78,184.2
5.167,492.4,-87.78,196.7
5.200,492.4,-87.78,195.4
5.233,492.4,-87.78,203.2
5.267,492.4,-87.78,195.1
5.300,492.4,-87.78,161.7
5.333,492.4,-87.78,90.5
5.367,492.4,-87.78,100.0
5.400,492.4,-87.78,89.6
5.433,492.4,-87.78,102.2
5.467,492.4,-87.78,169.6
5.500,492.4,-87.78,192.6
5.533,492.4,-87.78,173.3
5.567,492.4,-87.78,186.5
5.600,492.4,-87.78,186.8
5.633,492.4,-87.78,198.0
5.667,492.4,-87.78,196.8
5.700,492.4,-87.78,203.9
5.733,492.4,-87.78,197.6
5.767,492.4,-87.78,198.0
5.800,492.4,-87.78,133.7
5.833,492.4,-87.78,112.6
5.867,492.4,-87.78,106.5
5.900,492.4,-87.78,130.0
5.933,492.4,-87.78,183.4
5.967,492.4,-87.78,174.2
6.000,492.4,-87.78,166.5
6.033,492.4,-87.78,182.6
6.067,492.4,-87.78,183.1
6.100,492.4,-87.78,196.6
6.133,492.4,-87.78,194.6
6.167,492.4,-87.78,202.5
6.200,492.4,-87.78,194.1
6.233,492.4,-87.78,168.9
6.267,492.4,-87.78,93.6
6.300,492.4,-87.78,99.1
6.333,492.4,-87.78,88.9
6.367,492.4,-87.78,98.5
6.400,492.4,-87.78,144.6
6.433,492.4,-87.78,195.2
6.467,492.4,-87.78,174.6
6.500,492.4,-87.78,184.8
6.533,492.4,-87.78,184.5
6.567,492.4,-87.78,195.7
6.600,492.4,-87.78,193.8
6.633,492.4,-87.78,203.5
6.667,492.4,-87.78,196.7
6.700,492.4,-87.78,201.2
6.733,492.4,-87.78,157.0
6.767,492.4,-87.78,113.0
6.800,492.4,-87.78,109.1
6.833,492.4,-87.78,119.9
6.867,492.4,-87.78,177.4
6.900,492.4,-87.78,179.1
6.933,492.4,-87.78,165.1
6.967,492.4,-87.78,181.9
7.000,492.4,-87.78,182.0
7.033,492.4,-87.78,195.1
7.067,492.4,-87.78,194.8
7.100,492.4,-87.78,202.1
7.133,492.4,-87.78,194.4
7.167,492.4,-87.78,181.9
7.200,492.4,-87.78,100.3
7.233,492.4,-87.78,97.3
7.267,492.4,-87.78,89.8
7.300,492.4,-87.78,99.1
7.333,492.4,-87.78,136.3
7.367,492.4,-87.78,196.9
7.400,492.4,-87.78,174.7
7.433,492.4,-87.78,186.1
7.467,492.4,-87.78,185.3
7.500,492.4,-87.78,196.1
7.533,492.4,-87.78,195.1
7.567,492.4,-87.78,202.1
7.600,492.4,-87.78,198.0
7.633,492.4,-87.78,201.0
7.667,492.4,-87.78,160.9
7.700,492.4,-87.78,116.9
7.733,492.4,-87.78,107.1
7.767,492.4,-87.78,119.5
7.800,492.4,-87.78,178.7
7.833,492.4,-87.78,179.9
7.867,492.4,-87.78,165.1
7.900,492.4,-87.78,181.4
7.933,492.4,-87.78,181.2
7.967,492.4,-87.78,195.0
8.000,492.4,-87.78,193.1
8.033,492.4,-87.78,201.8
8.067,492.4,-87.78,195.1
8.100,492.4,-87.78,186.1
8.133,492.4,-87.78,107.7
8.167,492.4,-87.78,98.6
8.200,492.4,-87.78,89.4
8.233,492.4,-87.78,97.8
8.267,492.4,-87.78,131.9
8.300,492.4,-87.78,198.1
8.333,492.4,-87.78,177.1
8.367,492.4,-87.78,185.1
8.400,492.4,-87.78,184.0
8.433,492.4,-87.78,195.5
8.467,492.4,-87.78,194.2
8.500,492.4,-87.78,203.1
8.533,492.4,-87.78,196.8
8.567,492.4,-87.78,201.2
8.600,492.4,-87.78,161.7
8.633,492.4,-87.78,116.9
8.667,492.4,-87.78,107.4
8.700,492.4,-87.78,117.7
8.733,492.4,-87.78,177.7
8.767,492.4,-87.78,183.7
8.800,492.4,-87.78,166.6
8.833,492.4,-87.78,182.1
8.867,492.4,-87.78,182.8
8.900,492.4,-87.78,196.9
8.933,492.4,-87.78,195.1
8.967,492.4,-87.78,201.9
9.000,492.4,-87.78,193.3
9.033,492.4,-87.78,183.4
9.067,492.4,-87.78,103.5
9.100,492.4,-87.78,98.4
9.133,492.4,-87.78,91.7
9.167,492.4,-87.78,99.5
9.200,492.4,-87.78,133.8
9.233,492.4,-87.78,197.2
9.267,492.4,-87.78,175.0
9.300,492.4,-87.78,185.5
9.333,492.4,-87.78,185.0
9.367,492.4,-87.78,195.6
9.400,492.4,-87.78,193.7
9.433,492.4,-87.78,200.9
9.467,492.4,-87.78,198.4
9.500,492.4,-87.78,200.5
9.533,492.4,-87.78,161.6
9.567,492.4,-87.78,112.1
9.600,492.4,-87.78,106.2
9.633,492.4,-87.78,116.0
9.667,492.4,-87.78,177.7
9.700,492.4,-87.78,183.3
9.733,492.4,-87.78,167.7
9.767,492.4,-87.78,183.6
9.800,492.4,-87.78,183.5
9.833,492.4,-87.78,196.2
9.867,492.4,-87.78,195.0
9.900,492.4,-87.78,202.4
9.933,492.4,-87.78,194.4
9.967,492.4,-87.78,183.4
10.000,492.4,-87.78,100.7
10.033,492.4,-87.78,98.5
10.067,492.4,-87.78,90.4
10.100,492.4,-87.78,98.2
10.133,492.4,-87.78,142.9
10.167,492.4,-87.78,199.6
10.200,492.4,-87.78,177.3
10.233,492.4,-87.78,185.3
10.267,492.4,-87.78,183.8
10.300,492.4,-87.78,195.3
10.333,492.4,-87.78,192.9
10.367,492.4,-87.78,201.4
10.400,492.4,-87.78,195.9
10.433,492.4,-87.78,201.8
10.467,492.4,-87.78,166.0
10.500,492.4,-87.78,115.5
10.533,492.4,-87.78,106.8
10.567,492.4,-87.78,119.3
10.600,492.4,-87.78,179.8
10.633,492.4,-87.78,179.9
10.667,492.4,-87.78,167.0
10.700,492.4,-87.78,180.4
10.733,492.4,-87.78,180.5
10.767,492.4,-87.78,193.8
10.800,492.4,-87.78,192.3
10.833,492.4,-87.78,201.4
10.867,492.4,-87.78,194.6
10.900,492.4,-87.78,178.4
10.933,492.4,-87.78,99.7
10.967,492.4,-87.78,98.6
11.000,492.4,-87.78,89.9
11.033,492.4,-87.78,99.0
11.067,492.4,-87.78,145.5
11.100,492.4,-87.78,196.3
11.133,492.4,-87.78,172.8
11.167,492.4,-87.78,184.8
11.200,492.4,-87.78,183.2
11.233,492.4,-87.78,194.1
11.267,492.4,-87.78,192.3
11.300,492.4,-87.78,199.9
11.333,492.4,-87.78,197.8
11.367,492.4,-87.78,199.6
11.400,492.4,-87.78,151.2
11.433,492.4,-87.78,114.8
11.467,492.4,-87.78,110.6
11.500,492.4,-87.78,122.2
11.533,492.4,-87.78,186.6
11.567,492.4,-87.78,181.2
11.600,492.4,-87.78,170.2
11.633,492.4,-87.78,185.2
11.667,492.4,-87.78,185.2
11.700,492.4,-87.78,197.4
11.733,492.4,-87.78,196.3
11.767,492.4,-87.78,203.7
11.800,492.4,-87.78,195.7
11.833,492.4,-87.78,173.2
11.867,492.4,-87.78,96.8
11.900,492.4,-87.78,99.0
11.933,492.4,-87.78,90.2
11.967,492.4,-87.78,100.5
12.000,492.4,-87.78,153.0
12.033,492.4,-87.78,197.0
12.067,492.4,-87.78,176.8
12.100,492.4,-87.78,186.8
12.133,492.4,-87.78,187.4
12.167,492.4,-87.78,195.4
12.200,492.4,-87.78,194.0
12.233,492.4,-87.78,200.2
12.267,492.4,-87.78,195.1
12.300,492.4,-87.78,199.9
12.333,492.4,-87.78,151.0
12.367,492.4,-87.78,117.1
12.400,492.4,-87.78,108.9
12.433,492.4,-87.78,117.9
12.467,492.4,-87.78,182.0
12.500,492.4,-87.78,181.6
12.533,492.4,-87.78,167.2
12.567,492.4,-87.78,181.0
12.600,492.4,-87.78,181.5
12.633,492.4,-87.78,193.5
12.667,492.4,-87.78,193.3
12.700,492.4,-87.78,201.6
12.733,492.4,-87.78,193.8
12.767,492.4,-87.78,179.2
12.800,492.4,-87.78,101.6
12.833,492.4,-87.78,98.6
12.867,492.4,-87.78,92.3
12.900,492.4,-87.78,98.5
12.933,492.4,-87.78,140.8
12.967,492.4,-87.78,196.5
13.000,492.4,-87.78,177.0
13.033,492.4,-87.78,185.4
13.067,492.4,-87.78,184.9
13.100,492.4,-87.78,195.5
13.133,492.4,-87.78,193.6
13.167,492.4,-87.78,200.7
13.200,492.4,-87.78,197.2
13.233,492.4,-87.78,198.7
13.267,492.4,-87.78,153.8
13.300,492.4,-87.78,116.1
13.333,492.4,-87.78,107.6
13.367,492.4,-87.78,117.6
13.400,492.4,-87.78,185.9
13.433,492.4,-87.78,179.9
13.467,492.4,-87.78,168.8
13.500,492.4,-87.78,182.1
13.533,492.4,-87.78,183.0
13.567,492.4,-87.78,196.4
13.600,492.4,-87.78,193.5
13.633,492.4,-87.78,200.2
13.667,492.4,-87.78,193.0
13.700,492.4,-87.78,170.5
13.733,492.4,-87.78,96.7
13.767,492.4,-87.78,97.7
13.800,492.4,-87.78,93.2
13.833,492.4,-87.78,98.4
13.867,492.4,-87.78,149.4
13.900,492.4,-87.78,200.6
13.933,492.4,-87.78,178.2
13.967,492.4,-87.78,185.9
14.000,492.4,-87.78,183.3
14.033,492.4,-87.78,193.8
14.067,492.4,-87.78,188.9
14.100,492.4,-87.78,197.6
14.133,492.4,-87.78,194.6
14.167,492.4,-87.78,195.8
14.200,492.4,-87.78,140.2
14.233,492.4,-87.78,117.1
14.267,492.4,-87.78,107.3
14.300,492.4,-87.78,127.7
14.333,492.4,-87.78,189.7
14.367,492.4,-87.78,179.3
14.400,492.4,-87.78,170.6
14.433,492.4,-87.78,180.4
14.467,492.4,-87.78,181.1
14.500,492.4,-87.78,192.9
14.533,492.4,-87.78,193.0
14.567,492.4,-87.78,199.7
14.600,492.4,-87.78,193.8
14.633,492.4,-87.78,170.3
14.667,492.4,-87.78,98.6
14.700,492.4,-87.78,98.1
14.733,492.4,-87.78,93.2
14.767,492.4,-87.78,99.1
14.800,492.4,-87.78,150.8
14.833,492.4,-87.78,198.8
14.867,492.4,-87.78,180.1
14.900,492.4,-87.78,186.5
14.933,492.4,-87.78,186.1
14.967,492.4,-87.78,193.9
15.000,492.4,-87.78,191.4
15.033,492.4,-87.78,198.3
15.067,492.4,-87.78,196.5
15.100,492.4,-87.78,197.4
15.133,492.4,-87.78,146.7
15.167,492.4,-87.78,113.5
15.200,492.4,-87.78,109.0
15.233,492.4,-87.78,127.5
15.267,492.4,-87.78,192.2
15.300,492.4,-87.78,177.6
15.333,492.4,-87.78,170.8
15.367,492.4,-87.78,183.4
15.400,492.4,-87.78,184.2
15.433,492.4,-87.78,196.4
15.467,492.4,-87.78,195.0
15.500,492.4,-87.78,200.9
15.533,492.4,-87.78,195.0
15.567,492.4,-87.78,157.6
15.600,492.4,-87.78,93.3
15.633,492.4,-87.78,98.5
15.667,492.4,-87.78,92.0
15.700,492.4,-87.78,101.8
15.733,492.4,-87.78,162.6
15.767,492.4,-87.78,196.1
15.800,492.4,-87.78,177.8
15.833,492.4,-87.78,187.4
15.867,492.4,-87.78,188.2
15.900,492.4,-87.78,196.8
15.933,492.4,-87.78,193.8
15.967,492.4,-87.78,200.3
16.000,492.4,-87.78,197.6
16.033,492.4,-87.78,198.6
16.067,492.4,-87.78,155.2
16.100,492.4,-87.78,112.3
16.133,492.4,-87.78,109.0
16.167,492.4,-87.78,116.8
16.200,492.4,-87.78,184.0
16.233,492.4,-87.78,181.1
16.267,492.4,-87.78,169.0
16.300,492.4,-87.78,180.8
16.333,492.4,-87.78,182.4
16.367,492.4,-87.78,191.7
16.400,492.4,-87.78,192.8
16.433,492.4,-87.78,198.3
16.467,492.4,-87.78,193.4
16.500,492.4,-87.78,178.6
16.533,492.4,-87.78,106.6
16.567,492.4,-87.78,98.9
16.600,492.4,-87.78,95.5
16.633,492.4,-87.78,98.8
16.667,492.4,-87.78,136.5
16.700,492.4,-87.78,196.6
16.733,492.4,-87.78,179.6
16.767,492.4,-87.78,183.7
16.800,492.4,-87.78,184.6
16.833,492.4,-87.78,192.5
16.867,492.4,-87.78,191.2
16.900,492.4,-87.78,198.1
16.933,492.4,-87.78,196.6
16.967,492.4,-87.78,199.6
17.000,492.4,-87.78,178.5
17.033,492.4,-87.78,120.5
17.067,492.4,-87.78,108.7
17.100,492.4,-87.78,112.6
17.133,492.4,-87.78,157.0
17.167,492.4,-87.78,189.4
17.200,492.4,-87.78,167.9
17.233,492.4,-87.78,177.9
17.267,492.4,-87.78,180.4
17.300,492.4,-87.78,190.5
17.333,492.4,-87.78,193.6
17.367,492.4,-87.78,201.0
17.400,492.4,-87.78,197.6
17.433,492.4,-87.78,197.0
17.467,492.4,-87.78,134.5
17.500,492.4,-87.78,97.6
17.533,492.4,-87.78,94.2
17.567,492.4,-87.78,97.3
17.600,492.4,-87.78,99.9
17.633,492.4,-87.78,178.9
17.667,492.4,-87.78,189.3
17.700,492.4,-87.78,183.2
17.733,492.4,-87.78,183.9
17.767,492.4,-87.78,192.0
17.800,492.4,-87.78,192.3
17.833,492.4,-87.78,197.5
17.867,492.4,-87.78,197.9
17.900,492.4,-87.78,202.1
17.933,492.4,-87.78,192.0
17.967,492.4,-87.78,139.5
18.000,492.4,-87.78,111.0
18.033,492.4,-87.78,116.5
18.067,492.4,-87.78,130.8
18.100,492.4,-87.78,193.6
18.133,492.4,-87.78,170.1
18.167,492.4,-87.78,174.1
18.200,492.4,-87.78,177.2
18.233,492.4,-87.78,187.4
18.267,492.4,-87.78,191.2
18.300,492.4,-87.78,198.2
18.333,492.4,-87.78,196.3
18.367,492.4,-87.78,197.8
18.400,492.4,-87.78,159.2
18.433,492.4,-87.78,103.3
18.467,492.4,-87.78,96.7
18.500,492.4,-87.78,98.7
18.533,492.4,-87.78,97.2
18.567,492.4,-87.78,155.6
18.600,492.4,-87.78,191.4
18.633,492.4,-87.78,181.7
18.667,492.4,-87.78,180.5
18.700,492.4,-87.78,189.5
18.733,492.4,-87.78,190.0
18.767,492.4,-87.78,197.0
18.800,492.4,-87.78,197.7
18.833,492.4,-87.78,201.9
18.867,492.4,-87.78,194.8
18.900,492.4,-87.78,154.8
18.933,492.4,-87.78,111.9
18.967,492.4,-87.78,115.5
19.000,492.4,-87.78,128.0
19.033,492.4,-87.78,192.6
19.067,492.4,-87.78,172.8
19.100,492.4,-87.78,175.8
19.133,492.4,-87.78,179.0
19.167,492.4,-87.78,187.4
19.200,492.4,-87.78,191.8
19.233,492.4,-87.78,200.2
19.267,492.4,-87.78,198.7
19.300,492.4,-87.78,199.9
19.333,492.4,-87.78,165.6
19.367,492.4,-87.78,104.3
19.400,492.4,-87.78,96.9
19.433,492.4,-87.78,97.5
19.467,492.4,-87.78,95.4
19.500,492.4,-87.78,153.0
19.533,492.4,-87.78,194.6
19.567,492.4,-87.78,184.4
19.600,492.4,-87.78,184.1
19.633,492.4,-87.78,190.2
19.667,492.4,-87.78,190.9
19.700,492.4,-87.78,195.9
19.733,492.4,-87.78,196.5
19.767,492.4,-87.78,199.5
19.800,492.4,-87.78,194.0
19.833,492.4,-87.78,157.7
19.867,492.4,-87.78,108.7
19.900,492.4,-87.78,116.5
19.933,492.4,-87.78,115.9
19.967,492.4,-87.78,188.5
20.000,492.4,-87.78,180.0
20.033,492.4,-87.78,176.1
20.067,492.4,-87.78,180.5
20.100,492.4,-87.78,187.5
20.133,492.4,-87.78,192.2
20.167,492.4,-87.78,198.0
20.200,492.4,-87.78,196.8
20.233,492.4,-87.78,198.8
20.267,492.4,-87.78,173.8
20.300,492.4,-87.78,108.5
20.333,492.4,-87.78,97.1
20.367,492.4,-87.78,98.7
20.400,492.4,-87.78,98.1
20.433,492.4,-87.78,149.6
20.467,492.4,-87.78,193.5
20.500,492.4,-87.78,181.6
20.533,492.4,-87.78,181.4
20.567,492.4,-87.78,188.2
20.600,492.4,-87.78,190.6
20.633,492.4,-87.78,194.9
20.667,492.4,-87.78,196.2
20.700,492.4,-87.78,198.9
20.733,492.4,-87.78,193.5
20.767,492.4,-87.78,153.0
20.800,492.4,-87.78,112.5
20.833,492.4,-87.78,115.4
20.867,492.4,-87.78,122.1
20.900,492.4,-87.78,191.8
20.933,492.4,-87.78,172.0
20.967,492.4,-87.78,173.2
21.000,492.4,-87.78,178.7
21.033,492.4,-87.78,187.8
21.067,492.4,-87.78,193.6
21.100,492.4,-87.78,199.7
21.133,492.4,-87.78,198.3
21.167,492.4,-87.78,197.9
21.200,492.4,-87.78,157.6
21.233,492.4,-87.78,100.2
21.267,492.4,-87.78,98.9
21.300,492.4,-87.78,97.6
21.333,492.4,-87.78,97.9
21.367,492.4,-87.78,161.7
21.400,492.4,-87.78,193.5
21.433,492.4,-87.78,182.4
21.467,492.4,-87.78,183.5
21.500,492.4,-87.78,190.6
21.533,492.4,-87.78,191.7
21.567,492.4,-87.78,193.4
21.600,492.4,-87.78,195.8
21.633,492.4,-87.78,197.2
21.667,492.4,-87.78,187.8
21.700,492.4,-87.78,130.4
21.733,492.4,-87.78,112.8
21.767,492.4,-87.78,114.0
21.800,492.4,-87.78,148.1
21.833,492.4,-87.78,194.9
21.867,492.4,-87.78,172.2
21.900,492.4,-87.78,173.6
21.933,492.4,-87.78,178.3
21.967,492.4,-87.78,187.6
22.000,492.4,-87.78,192.4
22.033,492.4,-87.78,197.6
22.067,492.4,-87.78,196.3
22.100,492.4,-87.78,193.8
22.133,492.4,-87.78,140.9
22.167,492.4,-87.78,97.2
22.200,492.4,-87.78,98.5
22.233,492.4,-87.78,98.2
22.267,492.4,-87.78,103.4
22.300,492.4,-87.78,172.5
22.333,492.4,-87.78,188.3
22.367,492.4,-87.78,184.1
22.400,492.4,-87.78,186.9
22.433,492.4,-87.78,190.6
22.467,492.4,-87.78,191.0
22.500,492.4,-87.78,194.1
22.533,492.4,-87.78,195.7
22.567,492.4,-87.78,197.5
22.600,492.4,-87.78,185.7
22.633,492.4,-87.78,124.5
22.667,492.4,-87.78,112.3
22.700,492.4,-87.78,110.5
22.733,492.4,-87.78,161.1
22.767,492.4,-87.78,193.5
22.800,492.4,-87.78,174.1
22.833,492.4,-87.78,177.9
22.867,492.4,-87.78,185.2
22.900,492.4,-87.78,191.2
22.933,492.4,-87.78,195.0
22.967,492.4,-87.78,196.1
23.000,492.4,-87.78,195.6
23.033,492.4,-87.78,187.7
23.067,492.4,-87.78,120.2
23.100,492.4,-87.78,95.4
23.133,492.4,-87.78,97.6
23.167,492.4,-87.78,96.9
23.200,492.4,-87.78,123.1
23.233,492.4,-87.78,193.0
23.267,492.4,-87.78,186.6
23.300,492.4,-87.78,183.6
23.333,492.4,-87.78,188.2
23.367,492.4,-87.78,193.8
23.400,492.4,-87.78,194.9
23.433,492.4,-87.78,195.9
23.467,492.4,-87.78,199.0
23.500,492.4,-87.78,195.3
23.533,492.4,-87.78,165.5
23.567,492.4,-87.78,109.9
23.600,492.4,-87.78,113.6
23.633,492.4,-87.78,114.5
23.667,492.4,-87.78,186.5
23.700,492.4,-87.78,184.0
23.733,492.4,-87.78,173.3
23.767,492.4,-87.78,175.8
23.800,492.4,-87.78,183.0
23.833,492.4,-87.78,189.1
23.867,492.4,-87.78,195.4
23.900,492.4,-87.78,196.9
23.933,492.4,-87.78,196.7
23.967,492.4,-87.78,177.8
24.000,492.4,-87.78,107.2
24.033,492.4,-87.78,96.4
24.067,492.4,-87.78,98.6
24.100,492.4,-87.78,95.5
24.133,492.4,-87.78,141.3
24.167,492.4,-87.78,192.7
24.200,492.4,-87.78,183.6
24.233,492.4,-87.78,184.3
24.267,492.4,-87.78,187.6
24.300,492.4,-87.78,190.6
24.333,492.4,-87.78,193.9
24.367,492.4,-87.78,195.3
24.400,492.4,-87.78,198.4
24.433,492.4,-87.78,195.0
24.467,492.4,-87.78,158.5
24.500,492.4,-87.78,109.6
24.533,492.4,-87.78,112.5
24.567,492.4,-87.78,114.4
24.600,492.4,-87.78,188.2
24.633,492.4,-87.78,180.0
24.667,492.4,-87.78,172.3
24.700,492.4,-87.78,178.4
24.733,492.4,-87.78,185.7
24.767,492.4,-87.78,190.9
24.800,492.4,-87.78,196.4
24.833,492.4,-87.78,197.0
24.867,492.4,-87.78,197.1
24.900,492.4,-87.78,173.9
24.933,492.4,-87.78,108.4
24.967,492.4,-87.78,96.0
25.000,492.4,-87.78,98.5
25.033,492.4,-87.78,94.7
25.067,492.4,-87.78,139.9
25.100,492.4,-87.78,193.5
25.133,492.4,-87.78,185.4
25.167,492.4,-87.78,181.4
25.200,492.4,-87.78,188.4
25.233,492.4,-87.78,188.8
25.267,492.4,-87.78,196.0
25.300,492.4,-87.78,196.0
25.333,492.4,-87.78,200.2
25.367,492.4,-87.78,195.1
25.400,492.4,-87.78,158.6
25.433,492.4,-87.78,110.0
25.467,492.4,-87.78,112.5
25.500,492.4,-87.78,113.2
25.533,492.4,-87.78,191.3
25.567,492.4,-87.78,182.2
25.600,492.4,-87.78,173.9
25.633,492.4,-87.78,181.1
25.667,492.4,-87.78,187.5
25.700,492.4,-87.78,190.4
25.733,492.4,-87.78,196.3
25.767,492.4,-87.78,196.4
25.800,492.4,-87.78,195.4
25.833,492.4,-87.78,166.0
25.867,492.4,-87.78,104.6
25.900,492.4,-87.78,95.9
25.933,492.4,-87.78,98.1
25.967,492.4,-87.78,95.1
26.000,492.4,-87.78,150.6
26.033,492.4,-87.78,191.6
26.067,492.4,-87.78,181.3
26.167,492.4,-87.78,187.5
26.200,492.4,-87.78,189.0
26.233,492.4,-87.78,193.8
26.267,492.4,-87.78,195.0
26.300,492.4,-87.78,197.6
26.333,492.4,-87.78,191.6
26.367,492.4,-87.78,145.1
26.400,492.4,-87.78,109.6
26.433,492.4,-87.78,112.9
26.467,492.4,-87.78,119.3
26.500,492.4,-87.78,193.2
26.533,492.4,-87.78,175.1
26.567,492.4,-87.78,174.2
26.600,492.4,-87.78,178.6
26.633,492.4,-87.78,186.3
26.667,492.4,-87.78,189.4
26.700,492.4,-87.78,195.8
26.733,492.4,-87.78,194.8
26.767,492.4,-87.78,197.5
26.800,492.4,-87.78,157.5
26.833,492.4,-87.78,101.7
26.867,492.4,-87.78,94.0
26.900,492.4,-87.78,98.3
26.933,492.4,-87.78,94.5
26.967,492.4,-87.78,159.1
27.000,492.4,-87.78,191.1
27.033,492.4,-87.78,183.8
27.067,492.4,-87.78,184.1
27.100,492.4,-87.78,189.9
27.133,492.4,-87.78,190.4
27.167,492.4,-87.78,195.5
27.200,492.4,-87.78,194.7
27.233,492.4,-87.78,198.1
27.267,492.4,-87.78,191.0
27.300,492.4,-87.78,140.9
27.333,492.4,-87.78,110.0
27.367,492.4,-87.78,113.9
27.400,492.4,-87.78,122.7
27.433,492.4,-87.78,194.9
27.467,492.4,-87.78,176.7
27.500,492.4,-87.78,174.8
27.533,492.4,-87.78,178.8
27.567,492.4,-87.78,187.2
27.600,492.4,-87.78,189.6
27.633,492.4,-87.78,197.3
27.667,492.4,-87.78,196.1
27.700,492.4,-87.78,197.7
27.733,492.4,-87.78,169.9
27.767,492.4,-87.78,107.1
27.800,492.4,-87.78,93.5
27.833,492.4,-87.78,98.0
27.867,492.4,-87.78,93.7
27.900,492.4,-87.78,137.0
27.933,492.4,-87.78,190.8
27.967,492.4,-87.78,187.5
28.000,492.4,-87.78,185.3
28.033,492.4,-87.78,188.5
28.067,492.4,-87.78,189.2
28.100,492.4,-87.78,192.8
28.133,492.4,-87.78,193.6
28.167,492.4,-87.78,197.2
28.200,492.4,-87.78,192.8
28.233,492.4,-87.78,176.3
28.267,492.4,-87.78,107.9
28.300,492.4,-87.78,115.3
28.333,492.4,-87.78,107.7
28.367,492.4,-87.78,167.8
28.400,492.4,-87.78,186.6
28.433,492.4,-87.78,173.6
28.467,492.4,-87.78,173.1
28.500,492.4,-87.78,185.1
28.533,492.4,-87.78,188.2
28.567,492.4,-87.78,196.3
28.600,492.4,-87.78,195.0
28.633,492.4,-87.78,197.6
28.667,492.4,-87.78,185.0
28.700,492.4,-87.78,123.8
28.733,492.4,-87.78,93.4
28.767,492.4,-87.78,98.8
28.800,492.4,-87.78,92.1
28.833,492.4,-87.78,120.8
28.867,492.4,-87.78,184.0
28.900,492.4,-87.78,187.9
28.933,492.4,-87.78,180.3
28.967,492.4,-87.78,187.8
29.000,492.4,-87.78,188.2
29.033,492.4,-87.78,191.8
29.067,492.4,-87.78,192.2
29.100,492.4,-87.78,197.5
29.133,492.4,-87.78,192.8
29.167,492.4,-87.78,182.6
29.200,492.4,-87.78,112.8
29.233,492.4,-87.78,112.6
29.267,492.4,-87.78,108.2
29.300,492.4,-87.78,164.7
29.333,492.4,-87.78,187.3
29.367,492.4,-87.78,173.3
29.400,492.4,-87.78,173.5
29.433,492.4,-87.78,184.8
29.467,492.4,-87.78,187.7
29.500,492.4,-87.78,197.6
29.533,492.4,-87.78,195.0
29.567,492.4,-87.78,200.1
29.600,492.4,-87.78,190.0
29.633,492.4,-87.78,133.6
29.667,492.4,-87.78,91.5
29.700,492.4,-87.78,96.5
29.733,492.4,-87.78,91.7
29.767,492.4,-87.78,106.3
29.800,492.4,-87.78,172.7
29.833,492.4,-87.78,189.1
29.867,492.4,-87.78,178.9
29.900,492.4,-87.78,188.0
29.933,492.4,-87.78,186.8
29.967,492.4,-87.78,192.8
30.000,492.4,-87.78,190.8
30.033,492.4,-87.78,197.7
30.067,492.4,-87.78,193.6
30.100,492.4,-87.78,189.9
30.133,492.4,-87.78,120.9
30.167,492.4,-87.78,114.7
30.200,492.4,-87.78,107.5
30.233,492.4,-87.78,150.9
30.267,492.4,-87.78,189.3
30.300,492.4,-87.78,176.0
30.333,492.4,-87.78,175.4
30.367,492.4,-87.78,187.8
30.400,492.4,-87.78,186.7
30.433,492.4,-87.78,195.7
30.467,492.4,-87.78,193.6
30.500,492.4,-87.78,196.6
30.533,492.4,-87.78,186.8
30.567,492.4,-87.78,132.6
30.600,492.4,-87.78,91.6
30.633,492.4,-87.78,98.9
30.667,492.4,-87.78,90.8
30.700,492.4,-87.78,110.1
30.733,492.4,-87.78,174.9
30.767,492.4,-87.78,191.5
30.800,492.4,-87.78,179.2
30.833,492.4,-87.78,187.3
30.867,492.4,-87.78,184.4
30.900,492.4,-87.78,192.7
30.933,492.4,-87.78,191.0
30.967,492.4,-87.78,198.6
31.000,492.4,-87.78,195.5
31.033,492.4,-87.78,189.4
31.067,492.4,-87.78,119.0
31.100,492.4,-87.78,113.6
31.133,492.4,-87.78,107.6
31.167,492.4,-87.78,153.3
31.200,492.4,-87.78,190.7
31.233,492.4,-87.78,177.8
31.267,492.4,-87.78,174.1
31.300,492.4,-87.78,187.5
31.333,492.4,-87.78,187.6
31.367,492.4,-87.78,196.3
31.400,492.4,-87.78,191.6
31.433,492.4,-87.78,197.0
31.467,492.4,-87.78,186.4
31.500,492.4,-87.78,133.6
31.533,492.4,-87.78,90.4
31.567,492.4,-87.78,97.5
31.600,492.4,-87.78,91.3
31.633,492.4,-87.78,109.3
31.667,492.4,-87.78,166.5
31.700,492.4,-87.78,189.0
31.733,492.4,-87.78,178.7
31.767,492.4,-87.78,188.7
31.800,492.4,-87.78,187.2
31.833,492.4,-87.78,193.3
31.867,492.4,-87.78,186.9
31.900,492.4,-87.78,198.7
31.933,492.4,-87.78,193.2
31.967,492.4,-87.78,184.3
32.000,492.4,-87.78,112.0
32.033,492.4,-87.78,114.3
32.067,492.4,-87.78,103.7
32.100,492.4,-87.78,162.5
32.133,492.4,-87.78,192.4
32.167,492.4,-87.78,181.3
32.200,492.4,-87.78,179.2
32.233,492.4,-87.78,188.6
32.267,492.4,-87.78,186.3
32.300,492.4,-87.78,196.2
32.333,492.4,-87.78,191.6
32.367,492.4,-87.78,195.1
32.400,492.4,-87.78,183.5
32.433,492.4,-87.78,128.8
32.467,492.4,-87.78,90.2
32.500,492.4,-87.78,99.5
32.533,492.4,-87.78,90.1
32.567,492.4,-87.78,110.4
32.600,492.4,-87.78,168.4
32.633,492.4,-87.78,191.6
32.667,492.4,-87.78,183.2
32.700,492.4,-87.78,188.4
32.733,492.4,-87.78,184.8
32.767,492.4,-87.78,191.6
32.800,492.4,-87.78,187.9
32.833,492.4,-87.78,196.1
32.867,492.4,-87.78,191.0
32.900,492.4,-87.78,185.1
32.933,492.4,-87.78,116.5
32.967,492.4,-87.78,115.4
33.000,492.4,-87.78,107.5
33.033,492.4,-87.78,155.3
33.067,492.4,-87.78,193.4
33.100,492.4,-87.78,179.1
33.133,492.4,-87.78,173.6
33.167,492.4,-87.78,184.3
33.200,492.4,-87.78,184.6
33.233,492.4,-87.78,196.0
33.267,492.4,-87.78,192.8
33.300,492.4,-87.78,197.3
33.333,492.4,-87.78,185.2
33.367,492.4,-87.78,133.5
33.400,492.4,-87.78,91.2
33.433,492.4,-87.78,100.4
33.467,492.4,-87.78,91.4
33.500,492.4,-87.78,104.7
33.533,492.4,-87.78,163.2
33.567,492.4,-87.78,192.3
33.600,492.4,-87.78,180.1
33.633,492.4,-87.78,187.2
33.667,492.4,-87.78,185.8
33.700,492.4,-87.78,193.1
33.733,492.4,-87.78,188.8
33.767,492.4,-87.78,198.2
33.800,492.4,-87.78,190.8
33.833,492.4,-87.78,185.4
33.867,492.4,-87.78,119.2
33.900,492.4,-87.78,114.1
33.933,492.4,-87.78,102.6
33.967,492.4,-87.78,152.5
34.000,492.4,-87.78,191.9
34.033,492.4,-87.78,182.5
34.067,492.4,-87.78,172.3
34.100,492.4,-87.78,184.5
34.133,492.4,-87.78,184.1
34.167,492.4,-87.78,195.8
34.200,492.4,-87.78,189.2
34.233,492.4,-87.78,195.2
34.267,492.4,-87.78,184.0
34.300,492.4,-87.78,128.4
34.333,492.4,-87.78,90.1
34.367,492.4,-87.78,99.6
34.400,492.4,-87.78,89.5
34.433,492.4,-87.78,107.4
34.467,492.4,-87.78,169.8
34.500,492.4,-87.78,194.8
34.533,492.4,-87.78,179.4
34.567,492.4,-87.78,188.0
34.600,492.4,-87.78,185.9
34.633,492.4,-87.78,193.3
34.667,492.4,-87.78,188.9
34.700,492.4,-87.78,197.5
34.733,492.4,-87.78,189.2
34.767,492.4,-87.78,189.0
34.800,492.4,-87.78,116.1
34.833,492.4,-87.78,113.2
34.867,492.4,-87.78,107.1
34.900,492.4,-87.78,138.1
34.933,492.4,-87.78,192.9
34.967,492.4,-87.78,180.5
35.000,492.4,-87.78,169.2
35.033,492.4,-87.78,182.3
35.067,492.4,-87.78,181.7
35.100,492.4,-87.78,192.2
35.133,492.4,-87.78,190.1
35.167,492.4,-87.78,196.8
35.200,492.4,-87.78,187.4
35.233,492.4,-87.78,161.7
35.267,492.4,-87.78,94.5
35.300,492.4,-87.78,99.6
35.333,492.4,-87.78,91.0
35.367,492.4,-87.78,100.0
35.400,492.4,-87.78,133.1
35.433,492.4,-87.78,193.8
35.467,492.4,-87.78,180.7
35.500,492.4,-87.78,187.8
35.533,492.4,-87.78,186.5
35.567,492.4,-87.78,194.6
35.600,492.4,-87.78,188.9
35.633,492.4,-87.78,195.3
35.667,492.4,-87.78,189.7
35.700,492.4,-87.78,192.8
35.733,492.4,-87.78,148.9
35.767,492.4,-87.78,113.4
35.800,492.4,-87.78,107.5
35.833,492.4,-87.78,115.1
35.867,492.4,-87.78,183.4
35.900,492.4,-87.78,189.5
35.933,492.4,-87.78,170.6
35.967,492.4,-87.78,183.2
36.000,492.4,-87.78,178.8
36.033,492.4,-87.78,190.9
36.067,492.4,-87.78,189.4
36.100,492.4,-87.78,198.6
36.133,492.4,-87.78,191.1
36.167,492.4,-87.78,178.5
36.200,492.4,-87.78,99.8
36.233,492.4,-87.78,99.4
36.267,492.4,-87.78,88.9
36.300,492.4,-87.78,99.1
36.333,492.4,-87.78,116.9
36.367,492.4,-87.78,188.1
36.400,492.4,-87.78,180.6
36.433,492.4,-87.78,187.6
36.467,492.4,-87.78,181.9
36.500,492.4,-87.78,192.8
36.533,492.4,-87.78,186.8
36.567,492.4,-87.78,192.8
36.600,492.4,-87.78,187.3
36.633,492.4,-87.78,194.0
36.667,492.4,-87.78,160.0
36.700,492.4,-87.78,114.8
36.733,492.4,-87.78,105.1
36.767,492.4,-87.78,116.6
36.800,492.4,-87.78,173.5
36.833,492.4,-87.78,190.0
36.867,492.4,-87.78,167.6
36.900,492.4,-87.78,179.2
36.933,492.4,-87.78,177.4
36.967,492.4,-87.78,189.6
37.000,492.4,-87.78,187.1
37.033,492.4,-87.78,194.9
37.067,492.4,-87.78,187.3
37.100,492.4,-87.78,177.0
37.133,492.4,-87.78,99.9
37.167,492.4,-87.78,100.0
37.200,492.4,-87.78,90.2
37.233,492.4,-87.78,98.9
37.267,492.4,-87.78,118.2
37.300,492.4,-87.78,187.3
37.333,492.4,-87.78,180.8
37.367,492.4,-87.78,185.5
37.400,492.4,-87.78,182.5
37.433,492.4,-87.78,192.5
37.467,492.4,-87.78,187.7
37.500,492.4,-87.78,196.3
37.533,492.4,-87.78,189.8
37.567,492.4,-87.78,195.4
37.600,492.4,-87.78,152.3
37.633,492.4,-87.78,110.4
37.667,492.4,-87.78,105.0
37.700,492.4,-87.78,114.1
37.733,492.4,-87.78,180.5
37.767,492.4,-87.78,189.2
37.800,492.4,-87.78,167.6
37.833,492.4,-87.78,182.2
37.867,492.4,-87.78,180.5
37.900,492.4,-87.78,190.8
37.933,492.4,-87.78,187.7
37.967,492.4,-87.78,194.9
38.000,492.4,-87.78,186.9
38.033,492.4,-87.78,174.0
38.067,492.4,-87.78,97.4
38.100,492.4,-87.78,99.0
38.133,492.4,-87.78,89.8
38.167,492.4,-87.78,99.8
38.200,492.4,-87.78,115.7
38.233,492.4,-87.78,187.6
38.267,492.4,-87.78,181.4
38.300,492.4,-87.78,187.2
38.333,492.4,-87.78,186.1
38.367,492.4,-87.78,193.5
38.400,492.4,-87.78,186.9
38.433,492.4,-87.78,195.3
38.467,492.4,-87.78,189.0
38.500,492.4,-87.78,195.4
38.533,492.4,-87.78,163.7
38.567,492.4,-87.78,116.3
38.600,492.4,-87.78,101.7
38.633,492.4,-87.78,115.7
38.667,492.4,-87.78,172.9
38.700,492.4,-87.78,193.1
38.733,492.4,-87.78,172.1
38.767,492.4,-87.78,183.6
38.800,492.4,-87.78,182.3
38.833,492.4,-87.78,193.6
38.867,492.4,-87.78,188.4
38.900,492.4,-87.78,196.1
38.933,492.4,-87.78,187.6
38.967,492.4,-87.78,176.6
39.000,492.4,-87.78,98.9
39.033,492.4,-87.78,100.6
39.067,492.4,-87.78,91.0
39.100,492.4,-87.78,98.9
39.133,492.4,-87.78,124.8
39.167,492.4,-87.78,187.6
39.200,492.4,-87.78,181.3
39.233,492.4,-87.78,186.5
39.267,492.4,-87.78,182.0
39.300,492.4,-87.78,191.1
39.333,492.4,-87.78,184.8
39.367,492.4,-87.78,194.6
39.400,492.4,-87.78,189.5
39.433,492.4,-87.78,195.2
39.467,492.4,-87.78,156.4
39.500,492.4,-87.78,113.0
39.533,492.4,-87.78,101.4
39.567,492.4,-87.78,115.7
39.600,492.4,-87.78,183.9
39.633,492.4,-87.78,187.5
39.667,492.4,-87.78,169.2
39.700,492.4,-87.78,181.2
39.733,492.4,-87.78,179.5
39.767,492.4,-87.78,192.0
39.800,492.4,-87.78,189.0
39.833,492.4,-87.78,195.2
39.867,492.4,-87.78,186.6
39.900,492.4,-87.78,164.1
39.933,492.4,-87.78,94.4
39.967,492.4,-87.78,99.8
40.000,492.4,-87.78,89.3
40.033,492.4,-87.78,98.6
40.067,492.4,-87.78,133.1
40.100,492.4,-87.78,190.7
40.133,492.4,-87.78,178.9
40.167,492.4,-87.78,188.0
40.200,492.4,-87.78,184.0
40.233,492.4,-87.78,192.8
40.267,492.4,-87.78,186.0
40.300,492.4,-87.78,194.5
40.333,492.4,-87.78,188.2
40.367,492.4,-87.78,188.9
40.400,492.4,-87.78,119.6
40.433,492.4,-87.78,114.8
40.467,492.4,-87.78,105.3
40.500,492.4,-87.78,143.5
40.533,492.4,-87.78,190.5
40.567,492.4,-87.78,178.9
40.600,492.4,-87.78,171.3
40.633,492.4,-87.78,186.6
40.667,492.4,-87.78,186.5
40.700,492.4,-87.78,196.2
40.733,492.4,-87.78,189.5
40.767,492.4,-87.78,196.2
40.800,492.4,-87.78,179.6
40.833,492.4,-87.78,121.8
40.867,492.4,-87.78,90.8
40.900,492.4,-87.78,99.6
40.933,492.4,-87.78,90.8
40.967,492.4,-87.78,115.0
41.000,492.4,-87.78,176.5
41.033,492.4,-87.78,189.3
41.067,492.4,-87.78,178.6
41.100,492.4,-87.78,188.7
41.133,492.4,-87.78,183.8
41.167,492.4,-87.78,190.0
41.200,492.4,-87.78,186.1
41.233,492.4,-87.78,193.8
41.267,492.4,-87.78,188.2
41.300,492.4,-87.78,172.5
41.333,492.4,-87.78,105.6
41.367,492.4,-87.78,113.6
41.400,492.4,-87.78,106.5
41.433,492.4,-87.78,177.7
41.467,492.4,-87.78,180.1
41.500,492.4,-87.78,174.1
41.533,492.4,-87.78,172.1
41.567,492.4,-87.78,186.2
41.600,492.4,-87.78,183.7
41.633,492.4,-87.78,194.7
41.667,492.4,-87.78,188.8
41.700,492.4,-87.78,196.1
41.733,492.4,-87.78,173.5
41.767,492.4,-87.78,114.2
41.800,492.4,-87.78,90.0
41.833,492.4,-87.78,98.1
41.867,492.4,-87.78,90.3
41.900,492.4,-87.78,128.9
41.933,492.4,-87.78,179.3
41.967,492.4,-87.78,188.3
42.000,492.4,-87.78,180.6
42.033,492.4,-87.78,190.5
42.067,492.4,-87.78,184.4
42.100,492.4,-87.78,193.8
42.133,492.4,-87.78,187.4
42.167,492.4,-87.78,194.6
42.200,492.4,-87.78,186.3
42.233,492.4,-87.78,154.3
42.267,492.4,-87.78,105.0
42.300,492.4,-87.78,113.4
42.333,492.4,-87.78,112.5
42.367,492.4,-87.78,193.7
42.400,492.4,-87.78,179.9
42.433,492.4,-87.78,176.5
42.467,492.4,-87.78,174.2
42.500,492.4,-87.78,187.8
42.533,492.4,-87.78,183.9
42.567,492.4,-87.78,195.3
42.600,492.4,-87.78,187.7
42.633,492.4,-87.78,194.5
42.667,492.4,-87.78,160.6
42.700,492.4,-87.78,105.1
42.733,492.4,-87.78,89.9
42.767,492.4,-87.78,99.5
42.800,492.4,-87.78,89.9
42.833,492.4,-87.78,135.4
42.867,492.4,-87.78,180.5
42.900,492.4,-87.78,188.7
42.933,492.4,-87.78,182.2
42.967,492.4,-87.78,191.6
43.000,492.4,-87.78,184.2
43.033,492.4,-87.78,192.1
43.067,492.4,-87.78,187.6
43.100,492.4,-87.78,195.4
43.133,492.4,-87.78,183.6
43.167,492.4,-87.78,133.4
43.200,492.4,-87.78,105.5
43.233,492.4,-87.78,113.4
43.267,492.4,-87.78,126.6
43.300,492.4,-87.78,201.0
43.333,492.4,-87.78,176.5
43.367,492.4,-87.78,179.3
43.400,492.4,-87.78,179.7
43.433,492.4,-87.78,189.6
43.467,492.4,-87.78,189.7
43.500,492.4,-87.78,198.2
43.533,492.4,-87.78,192.0
43.567,492.4,-87.78,192.1
43.600,492.4,-87.78,122.0
43.633,492.4,-87.78,98.8
43.667,492.4,-87.78,90.3
43.700,492.4,-87.78,99.0
43.733,492.4,-87.78,97.7
43.767,492.4,-87.78,170.3
43.800,492.4,-87.78,185.3
43.833,492.4,-87.78,187.7
43.867,492.4,-87.78,183.4
43.900,492.4,-87.78,193.1
43.933,492.4,-87.78,188.5
43.967,492.4,-87.78,194.1
44.000,492.4,-87.78,188.4
44.033,492.4,-87.78,195.0
44.067,492.4,-87.78,172.2
44.100,492.4,-87.78,121.3
44.133,492.4,-87.78,103.4
44.167,492.4,-87.78,114.9
44.200,492.4,-87.78,154.4
44.233,492.4,-87.78,196.1
44.267,492.4,-87.78,173.7
44.300,492.4,-87.78,181.1
44.333,492.4,-87.78,178.6
44.367,492.4,-87.78,190.4
44.400,492.4,-87.78,186.3
44.433,492.4,-87.78,194.6
44.467,492.4,-87.78,189.6
44.500,492.4,-87.78,188.9
44.533,492.4,-87.78,113.9
44.567,492.4,-87.78,99.0
44.600,492.4,-87.78,91.3
44.633,492.4,-87.78,97.2
44.667,492.4,-87.78,104.9
44.700,492.4,-87.78,176.4
44.733,492.4,-87.78,185.4
44.767,492.4,-87.78,188.5
44.800,492.4,-87.78,183.5
44.833,492.4,-87.78,191.7
44.867,492.4,-87.78,186.5
44.900,492.4,-87.78,191.4
44.933,492.4,-87.78,187.8
44.967,492.4,-87.78,194.7
45.000,492.4,-87.78,173.8
45.033,492.4,-87.78,117.4
45.067,492.4,-87.78,105.2
45.100,492.4,-87.78,115.6
45.133,492.4,-87.78,150.2
45.167,492.4,-87.78,201.7
45.200,492.4,-87.78,173.5
45.233,492.4,-87.78,180.2
45.267,492.4,-87.78,178.7
45.300,492.4,-87.78,188.3
45.333,492.4,-87.78,185.9
45.367,492.4,-87.78,195.1
45.400,492.4,-87.78,188.6
45.433,492.4,-87.78,191.0
45.467,492.4,-87.78,124.5
45.500,492.4,-87.78,98.8
45.533,492.4,-87.78,91.7
45.567,492.4,-87.78,98.3
45.600,492.4,-87.78,97.7
45.633,492.4,-87.78,166.4
45.667,492.4,-87.78,187.7
45.700,492.4,-87.78,190.3
45.733,492.4,-87.78,186.8
45.767,492.4,-87.78,193.6
45.800,492.4,-87.78,189.7
45.833,492.4,-87.78,194.8
45.867,492.4,-87.78,192.2
45.900,492.4,-87.78,196.8
45.933,492.4,-87.78,177.2
45.967,492.4,-87.78,120.0
46.000,492.4,-87.78,102.3
46.033,492.4,-87.78,112.9
46.067,492.4,-87.78,147.7
46.100,492.4,-87.78,199.5
46.133,492.4,-87.78,172.5
46.167,492.4,-87.78,180.5
46.200,492.4,-87.78,180.3
46.233,492.4,-87.78,189.1
46.267,492.4,-87.78,188.8
46.300,492.4,-87.78,196.7
46.333,492.4,-87.78,191.4
46.367,492.4,-87.78,190.9
46.400,492.4,-87.78,126.3
46.433,492.4,-87.78,99.0
46.467,492.4,-87.78,92.0
46.500,492.4,-87.78,98.9
46.533,492.4,-87.78,98.8
46.567,492.4,-87.78,166.9
46.600,492.4,-87.78,186.9
46.633,492.4,-87.78,188.3
46.667,492.4,-87.78,182.3
46.700,492.4,-87.78,193.0
46.733,492.4,-87.78,188.7
46.767,492.4,-87.78,193.3
46.800,492.4,-87.78,189.8
46.833,492.4,-87.78,195.4
46.867,492.4,-87.78,177.6
46.900,492.4,-87.78,123.5
46.933,492.4,-87.78,103.5
46.967,492.4,-87.78,112.4
47.000,492.4,-87.78,148.2
47.033,492.4,-87.78,198.3
47.067,492.4,-87.78,172.1
47.100,492.4,-87.78,178.3
47.133,492.4,-87.78,181.0
47.167,492.4,-87.78,190.6
47.200,492.4,-87.78,188.9
47.233,492.4,-87.78,196.8
47.267,492.4,-87.78,191.6
47.300,492.4,-87.78,190.3
47.333,492.4,-87.78,124.8
47.367,492.4,-87.78,99.1
47.400,492.4,-87.78,92.1
47.433,492.4,-87.78,98.9
47.467,492.4,-87.78,97.7
47.500,492.4,-87.78,167.0
47.533,492.4,-87.78,186.2
47.567,492.4,-87.78,186.3
47.600,492.4,-87.78,186.1
47.633,492.4,-87.78,192.2
47.667,492.4,-87.78,188.0
47.700,492.4,-87.78,194.1
47.733,492.4,-87.78,188.7
47.767,492.4,-87.78,195.1
47.800,492.4,-87.78,173.8
47.833,492.4,-87.78,118.2
47.867,492.4,-87.78,107.7
47.900,492.4,-87.78,111.9
47.933,492.4,-87.78,153.9
47.967,492.4,-87.78,195.6
48.000,492.4,-87.78,175.0
48.033,492.4,-87.78,183.6
48.067,492.4,-87.78,180.9
48.100,492.4,-87.78,190.0
48.133,492.4,-87.78,189.3
48.167,492.4,-87.78,195.1
48.200,492.4,-87.78,189.7
48.233,492.4,-87.78,187.0
48.267,492.4,-87.78,121.7
48.300,492.4,-87.78,98.9
48.333,492.4,-87.78,92.9
48.367,492.4,-87.78,98.2
48.400,492.4,-87.78,102.6
48.433,492.4,-87.78,173.4
48.467,492.4,-87.78,187.2
48.500,492.4,-87.78,183.8
48.533,492.4,-87.78,181.4
48.567,492.4,-87.78,189.9
48.600,492.4,-87.78,185.7
48.633,492.4,-87.78,190.8
48.667,492.4,-87.78,188.6
48.700,492.4,-87.78,194.8
48.733,492.4,-87.78,182.7
48.767,492.4,-87.78,125.6
48.800,492.4,-87.78,106.7
48.833,492.4,-87.78,115.5
48.867,492.4,-87.78,138.2
48.900,492.4,-87.78,197.3
48.933,492.4,-87.78,171.7
48.967,492.4,-87.78,175.1
49.000,492.4,-87.78,178.4
49.033,492.4,-87.78,188.6
49.067,492.4,-87.78,188.7
49.100,492.4,-87.78,196.5
49.133,492.4,-87.78,191.9
49.167,492.4,-87.78,192.9
49.200,492.4,-87.78,135.9
49.233,492.4,-87.78,99.3
49.267,492.4,-87.78,94.9
49.300,492.4,-87.78,98.3
49.333,492.4,-87.78,99.9
49.367,492.4,-87.78,167.6
49.400,492.4,-87.78,187.9
49.433,492.4,-87.78,184.4
49.467,492.4,-87.78,182.4
49.500,492.4,-87.78,189.6
49.533,492.4,-87.78,187.1
49.567,492.4,-87.78,194.1
49.600,492.4,-87.78,190.1
49.633,492.4,-87.78,195.3
49.667,492.4,-87.78,176.0
49.700,492.4,-87.78,115.5
49.733,492.4,-87.78,110.8
49.767,492.4,-87.78,115.1
49.800,492.4,-87.78,161.6
49.833,492.4,-87.78,193.7
49.867,492.4,-87.78,174.9
49.900,492.4,-87.78,180.3
49.933,492.4,-87.78,180.0
49.967,492.4,-87.78,189.9
50.000,492.4,-87.78,190.3
50.033,492.4,-87.78,195.5
50.067,492.4,-87.78,191.0
50.100,492.4,-87.78,181.5
50.133,492.4,-87.78,109.4
50.167,492.4,-87.78,99.9
50.200,492.4,-87.78,95.1
50.233,492.4,-87.78,98.9
50.267,492.4,-87.78,120.7
50.300,492.4,-87.78,188.8
50.333,492.4,-87.78,183.7
50.367,492.4,-87.78,183.1
50.400,492.4,-87.78,183.5
50.433,492.4,-87.78,191.3
50.467,492.4,-87.78,188.8
50.500,492.4,-87.78,194.3
50.533,492.4,-87.78,193.8
50.567,492.4,-87.78,195.7
50.600,492.4,-87.78,157.4
50.633,492.4,-87.78,116.1
50.667,492.4,-87.78,110.1
50.700,492.4,-87.78,114.6
50.733,492.4,-87.78,182.9
50.767,492.4,-87.78,188.4
50.800,492.4,-87.78,170.3
50.833,492.4,-87.78,178.6
50.867,492.4,-87.78,182.3
50.900,492.4,-87.78,191.3
50.933,492.4,-87.78,191.5
50.967,492.4,-87.78,196.1
51.000,492.4,-87.78,190.2
51.033,492.4,-87.78,175.9
51.067,492.4,-87.78,105.2
51.100,492.4,-87.78,97.7
51.133,492.4,-87.78,96.8
51.167,492.4,-87.78,98.0
51.200,492.4,-87.78,125.2
51.233,492.4,-87.78,186.5
51.267,492.4,-87.78,185.9
51.300,492.4,-87.78,185.1
51.333,492.4,-87.78,186.3
51.367,492.4,-87.78,192.1
51.400,492.4,-87.78,187.8
51.433,492.4,-87.78,193.0
51.467,492.4,-87.78,193.4
51.500,492.4,-87.78,196.1
51.533,492.4,-87.78,161.1
51.567,492.4,-87.78,110.6
51.600,492.4,-87.78,110.0
51.633,492.4,-87.78,113.8
51.667,492.4,-87.78,185.6
51.700,492.4,-87.78,188.8
51.733,492.4,-87.78,171.8
51.767,492.4,-87.78,180.0
51.800,492.4,-87.78,182.1
51.833,492.4,-87.78,191.6
51.867,492.4,-87.78,193.0
51.900,492.4,-87.78,195.8
51.933,492.4,-87.78,191.6
51.967,492.4,-87.78,173.8
52.000,492.4,-87.78,103.6
52.033,492.4,-87.78,98.4
52.067,492.4,-87.78,98.1
52.100,492.4,-87.78,98.8
52.133,492.4,-87.78,131.5
52.167,492.4,-87.78,189.5
52.200,492.4,-87.78,186.8
52.233,492.4,-87.78,185.2
52.267,492.4,-87.78,186.0
52.300,492.4,-87.78,191.7
52.333,492.4,-87.78,190.2
52.367,492.4,-87.78,193.1
52.400,492.4,-87.78,193.4
52.433,492.4,-87.78,195.6
52.467,492.4,-87.78,156.7
52.500,492.4,-87.78,114.0
52.533,492.4,-87.78,113.2
52.567,492.4,-87.78,115.5
52.600,492.4,-87.78,184.2
52.633,492.4,-87.78,190.2
52.667,492.4,-87.78,172.4
52.700,492.4,-87.78,179.4
52.733,492.4,-87.78,182.1
52.767,492.4,-87.78,190.5
52.800,492.4,-87.78,192.4
52.833,492.4,-87.78,196.2
52.867,492.4,-87.78,193.6
52.900,492.4,-87.78,182.9
52.933,492.4,-87.78,107.8
52.967,492.4,-87.78,98.6
53.000,492.4,-87.78,95.9
53.033,492.4,-87.78,99.2
53.067,492.4,-87.78,117.0
53.100,492.4,-87.78,190.1
53.133,492.4,-87.78,186.0
53.167,492.4,-87.78,184.4
53.200,492.4,-87.78,183.0
53.233,492.4,-87.78,189.0
53.267,492.4,-87.78,189.3
53.300,492.4,-87.78,194.4
53.333,492.4,-87.78,193.7
53.367,492.4,-87.78,195.8
53.400,492.4,-87.78,167.9
53.433,492.4,-87.78,110.9
53.467,492.4,-87.78,107.6
53.500,492.4,-87.78,113.9
53.533,492.4,-87.78,181.0
53.567,492.4,-87.78,187.1
53.600,492.4,-87.78,173.2
53.633,492.4,-87.78,180.5
53.667,492.4,-87.78,184.2
53.700,492.4,-87.78,191.7
53.733,492.4,-87.78,193.5
53.767,492.4,-87.78,196.3
53.800,492.4,-87.78,192.4
53.833,492.4,-87.78,171.7
53.867,492.4,-87.78,103.8
53.900,492.4,-87.78,97.6
53.933,492.4,-87.78,97.3
53.967,492.4,-87.78,97.0
54.000,492.4,-87.78,140.7
54.033,492.4,-87.78,195.5
54.067,492.4,-87.78,185.2
54.100,492.4,-87.78,186.9
54.133,492.4,-87.78,188.4
54.167,492.4,-87.78,192.5
54.200,492.4,-87.78,192.5
54.233,492.4,-87.78,195.8
54.267,492.4,-87.78,195.6
54.300,492.4,-87.78,192.5
54.333,492.4,-87.78,138.4
54.367,492.4,-87.78,110.3
54.400,492.4,-87.78,110.6
54.433,492.4,-87.78,132.3
54.467,492.4,-87.78,194.5
54.500,492.4,-87.78,180.5
54.533,492.4,-87.78,173.4
54.567,492.4,-87.78,181.6
54.600,492.4,-87.78,186.4
54.633,492.4,-87.78,193.4
54.667,492.4,-87.78,194.6
54.700,492.4,-87.78,196.1
54.733,492.4,-87.78,192.1
54.767,492.4,-87.78,146.0
54.800,492.4,-87.78,96.9
54.833,492.4,-87.78,96.6
54.867,492.4,-87.78,97.6
54.900,492.4,-87.78,98.1
54.933,492.4,-87.78,164.6
54.967,492.4,-87.78,194.1
55.000,492.4,-87.78,182.4
55.033,492.4,-87.78,184.8
55.067,492.4,-87.78,184.5
55.100,492.4,-87.78,190.8
55.133,492.4,-87.78,191.1
55.167,492.4,-87.78,195.7
55.200,492.4,-87.78,194.8
55.233,492.4,-87.78,183.3
55.267,492.4,-87.78,120.0
55.300,492.4,-87.78,110.5
55.333,492.4,-87.78,110.8
55.367,492.4,-87.78,150.9
55.400,492.4,-87.78,196.8
55.433,492.4,-87.78,177.6
55.467,492.4,-87.78,176.0
55.500,492.4,-87.78,184.7
55.533,492.4,-87.78,188.6
55.567,492.4,-87.78,194.2
55.600,492.4,-87.78,195.1
55.633,492.4,-87.78,196.0
55.667,492.4,-87.78,189.4
55.700,492.4,-87.78,129.0
55.733,492.4,-87.78,96.3
55.767,492.4,-87.78,96.1
55.800,492.4,-87.78,96.8
55.833,492.4,-87.78,103.6
55.867,492.4,-87.78,175.4
55.900,492.4,-87.78,193.3
55.933,492.4,-87.78,184.2
55.967,492.4,-87.78,188.7
56.000,492.4,-87.78,190.8
56.033,492.4,-87.78,193.4
56.067,492.4,-87.78,192.9
56.100,492.4,-87.78,194.6
56.133,492.4,-87.78,196.8
56.167,492.4,-87.78,186.2
56.200,492.4,-87.78,121.9
56.233,492.4,-87.78,110.8
56.267,492.4,-87.78,111.0
56.300,492.4,-87.78,152.5
56.333,492.4,-87.78,193.5
56.367,492.4,-87.78,176.4
56.400,492.4,-87.78,176.6
56.433,492.4,-87.78,182.2
56.467,492.4,-87.78,188.0
56.500,492.4,-87.78,194.3
56.533,492.4,-87.78,195.6
56.567,492.4,-87.78,194.7
56.600,492.4,-87.78,188.5
56.633,492.4,-87.78,130.8
56.667,492.4,-87.78,96.9
56.700,492.4,-87.78,95.6
56.733,492.4,-87.78,96.2
56.767,492.4,-87.78,104.0
56.800,492.4,-87.78,179.3
56.833,492.4,-87.78,191.1
56.867,492.4,-87.78,181.9
56.900,492.4,-87.78,184.1
56.933,492.4,-87.78,188.0
56.967,492.4,-87.78,190.3
57.000,492.4,-87.78,195.2
57.033,492.4,-87.78,197.4
57.067,492.4,-87.78,195.9
57.100,492.4,-87.78,178.9
57.133,492.4,-87.78,114.9
57.167,492.4,-87.78,112.5
57.200,492.4,-87.78,114.9
57.233,492.4,-87.78,165.1
57.267,492.4,-87.78,190.4
57.300,492.4,-87.78,173.9
57.333,492.4,-87.78,179.2
57.367,492.4,-87.78,184.0
57.400,492.4,-87.78,190.5
57.433,492.4,-87.78,194.4
57.467,492.4,-87.78,196.1
57.500,492.4,-87.78,194.5
57.533,492.4,-87.78,184.0
57.567,492.4,-87.78,117.2
57.600,492.4,-87.78,97.7
57.633,492.4,-87.78,95.9
57.667,492.4,-87.78,97.8
57.700,492.4,-87.78,112.0
57.733,492.4,-87.78,188.3
57.767,492.4,-87.78,188.3
57.800,492.4,-87.78,181.6
57.833,492.4,-87.78,185.2
57.867,492.4,-87.78,189.9
57.900,492.4,-87.78,191.3
57.933,492.4,-87.78,194.9
57.967,492.4,-87.78,196.0
58.000,492.4,-87.78,196.3
58.033,492.4,-87.78,166.1
58.067,492.4,-87.78,109.8
58.100,492.4,-87.78,109.1
58.133,492.4,-87.78,112.8
58.167,492.4,-87.78,183.6
58.200,492.4,-87.78,184.5
58.233,492.4,-87.78,170.8
58.267,492.4,-87.78,178.2
58.300,492.4,-87.78,181.2
58.333,492.4,-87.78,188.8
58.367,492.4,-87.78,193.9
58.400,492.4,-87.78,195.8
58.433,492.4,-87.78,195.0
58.467,492.4,-87.78,169.3
58.500,492.4,-87.78,102.4
58.533,492.4,-87.78,97.9
58.567,492.4,-87.78,94.9
58.600,492.4,-87.78,97.2
58.633,492.4,-87.78,137.9
58.667,492.4,-87.78,197.0
58.700,492.4,-87.78,185.1
58.733,492.4,-87.78,185.2
58.767,492.4,-87.78,187.9
58.800,492.4,-87.78,192.7
58.833,492.4,-87.78,193.4
58.867,492.4,-87.78,196.6
58.900,492.4,-87.78,196.2
58.933,492.4,-87.78,194.8
58.967,492.4,-87.78,149.4
59.000,492.4,-87.78,110.1
59.033,492.4,-87.78,109.2
59.067,492.4,-87.78,117.7
59.100,492.4,-87.78,193.6
59.133,492.4,-87.78,184.6
59.167,492.4,-87.78,174.7
59.200,492.4,-87.78,184.2
59.233,492.4,-87.78,188.0
59.267,492.4,-87.78,191.8
59.300,492.4,-87.78,193.8
59.333,492.4,-87.78,195.8
59.367,492.4,-87.78,194.7
59.400,492.4,-87.78,160.9
59.433,492.4,-87.78,97.9
59.467,492.4,-87.78,97.1
59.500,492.4,-87.78,93.6
59.533,492.4,-87.78,98.1
59.567,492.4,-87.78,142.9
59.600,492.4,-87.78,196.4
59.633,492.4,-87.78,181.8
59.667,492.4,-87.78,185.1
59.700,492.4,-87.78,186.2
59.733,492.4,-87.78,190.7
59.767,492.4,-87.78,190.8
59.800,492.4,-87.78,195.4
59.833,492.4,-87.78,195.0
59.867,492.4,-87.78,193.0
59.900,492.4,-87.78,134.2
59.933,492.4,-87.78,111.7
59.967,492.4,-87.78,109.6
60.000,492.4,-87.78,136.8
60.033,492.4,-87.78,194.8
60.067,492.4,-87.78,177.5
60.100,492.4,-87.78,173.3
60.133,492.4,-87.78,182.8
60.167,492.4,-87.78,184.5
60.200,492.4,-87.78,192.7
60.233,492.4,-87.78,192.3
60.267,492.4,-87.78,195.4
60.300,492.4,-87.78,187.2
60.333,492.4,-87.78,134.4
60.367,492.4,-87.78,95.0
60.400,492.4,-87.78,99.2
60.433,492.4,-87.78,93.6
60.467,492.4,-87.78,106.0
60.500,492.4,-87.78,169.4
60.533,492.4,-87.78,193.1
60.567,492.4,-87.78,182.9
60.600,492.4,-87.78,189.6
60.633,492.4,-87.78,190.0
60.667,492.4,-87.78,193.5
60.700,492.4,-87.78,190.7
60.733,492.4,-87.78,194.7
60.767,492.4,-87.78,192.3
60.800,492.4,-87.78,182.2
60.833,492.4,-87.78,115.1
60.867,492.4,-87.78,113.4
60.900,492.4,-87.78,112.0
60.933,492.4,-87.78,166.0
60.967,492.4,-87.78,191.1
61.000,492.4,-87.78,176.4
61.033,492.4,-87.78,175.0
61.067,492.4,-87.78,185.6
61.100,492.4,-87.78,187.0
61.133,492.4,-87.78,194.0
61.167,492.4,-87.78,193.5
61.200,492.4,-87.78,196.8
61.233,492.4,-87.78,183.6
61.267,492.4,-87.78,121.0
61.300,492.4,-87.78,92.9
61.333,492.4,-87.78,97.6
61.367,492.4,-87.78,92.2
61.400,492.4,-87.78,112.8
61.433,492.4,-87.78,178.0
61.467,492.4,-87.78,189.2
61.500,492.4,-87.78,183.2
61.533,492.4,-87.78,187.8
61.567,492.4,-87.78,187.8
61.600,492.4,-87.78,191.6
61.633,492.4,-87.78,190.8
61.667,492.4,-87.78,197.1
61.700,492.4,-87.78,193.6
61.733,492.4,-87.78,169.7
61.767,492.4,-87.78,106.6
61.800,492.4,-87.78,112.3
61.833,492.4,-87.78,109.2
61.867,492.4,-87.78,183.6
61.900,492.4,-87.78,187.4
61.933,492.4,-87.78,177.3
61.967,492.4,-87.78,178.0
62.000,492.4,-87.78,187.6
62.033,492.4,-87.78,188.0
62.067,492.4,-87.78,196.5
62.100,492.4,-87.78,192.9
62.133,492.4,-87.78,193.9
62.167,492.4,-87.78,171.7
62.200,492.4,-87.78,107.9
62.233,492.4,-87.78,92.6
62.267,492.4,-87.78,98.1
62.300,492.4,-87.78,91.6
62.333,492.4,-87.78,134.5
62.367,492.4,-87.78,187.1
62.400,492.4,-87.78,190.0
62.433,492.4,-87.78,186.7
62.467,492.4,-87.78,191.6
62.500,492.4,-87.78,189.6
62.533,492.4,-87.78,193.9
62.567,492.4,-87.78,191.8
62.600,492.4,-87.78,196.0
62.633,492.4,-87.78,187.5
62.667,492.4,-87.78,139.7
62.700,492.4,-87.78,106.5
62.733,492.4,-87.78,112.9
62.767,492.4,-87.78,127.8
62.800,492.4,-87.78,199.0
62.833,492.4,-87.78,177.9
62.867,492.4,-87.78,178.0
62.900,492.4,-87.78,180.2
62.933,492.4,-87.78,188.2
62.967,492.4,-87.78,190.3
63.000,492.4,-87.78,196.5
63.033,492.4,-87.78,194.1
63.067,492.4,-87.78,194.8
63.100,492.4,-87.78,137.8
63.133,492.4,-87.78,98.4
63.167,492.4,-87.78,91.3
63.200,492.4,-87.78,99.4
63.233,492.4,-87.78,94.6
63.267,492.4,-87.78,169.9
63.300,492.4,-87.78,188.0
63.333,492.4,-87.78,186.8
63.367,492.4,-87.78,181.6
63.400,492.4,-87.78,189.5
63.433,492.4,-87.78,189.3
63.467,492.4,-87.78,195.6
63.500,492.4,-87.78,194.2
63.533,492.4,-87.78,198.2
63.567,492.4,-87.78,187.3
63.600,492.4,-87.78,130.9
63.633,492.4,-87.78,105.6
63.667,492.4,-87.78,113.1
63.700,492.4,-87.78,137.5
63.733,492.4,-87.78,198.4
63.767,492.4,-87.78,173.4
63.800,492.4,-87.78,177.6
63.833,492.4,-87.78,178.9
63.867,492.4,-87.78,190.0
63.900,492.4,-87.78,191.0
63.933,492.4,-87.78,197.1
63.967,492.4,-87.78,192.6
64.000,492.4,-87.78,193.5
64.033,492.4,-87.78,130.2
64.067,492.4,-87.78,100.0
64.100,492.4,-87.78,92.2
64.133,492.4,-87.78,98.8
64.167,492.4,-87.78,99.0
64.200,492.4,-87.78,175.4
64.233,492.4,-87.78,188.0
64.267,492.4,-87.78,185.9
64.300,492.4,-87.78,184.0
64.333,492.4,-87.78,192.8
64.367,492.4,-87.78,189.9
64.400,492.4,-87.78,194.6
64.433,492.4,-87.78,192.3
64.467,492.4,-87.78,197.2
64.500,492.4,-87.78,173.4
64.533,492.4,-87.78,117.9
64.567,492.4,-87.78,104.9
64.600,492.4,-87.78,116.2
64.633,492.4,-87.78,164.1
64.667,492.4,-87.78,191.2
64.700,492.4,-87.78,170.5
64.733,492.4,-87.78,179.3
64.767,492.4,-87.78,180.4
64.800,492.4,-87.78,190.4
64.833,492.4,-87.78,190.0
64.867,492.4,-87.78,196.2
64.900,492.4,-87.78,190.5
64.933,492.4,-87.78,183.6
64.967,492.4,-87.78,109.4
65.000,492.4,-87.78,98.3
65.033,492.4,-87.78,90.8
65.067,492.4,-87.78,98.5
65.100,492.4,-87.78,111.1
65.133,492.4,-87.78,188.5
65.167,492.4,-87.78,182.6
65.200,492.4,-87.78,184.6
65.233,492.4,-87.78,181.8
65.267,492.4,-87.78,190.1
65.300,492.4,-87.78,188.5
65.333,492.4,-87.78,194.7
65.367,492.4,-87.78,190.7
65.400,492.4,-87.78,194.4
65.433,492.4,-87.78,169.2
65.467,492.4,-87.78,116.2
65.500,492.4,-87.78,102.7
65.533,492.4,-87.78,114.5
65.567,492.4,-87.78,158.2
65.600,492.4,-87.78,194.2
65.633,492.4,-87.78,169.7
65.667,492.4,-87.78,178.5
65.700,492.4,-87.78,179.5
65.733,492.4,-87.78,191.2
65.767,492.4,-87.78,191.5
65.800,492.4,-87.78,198.0
65.833,492.4,-87.78,193.2
65.867,492.4,-87.78,187.5
65.900,492.4,-87.78,115.1
65.933,492.4,-87.78,99.4
65.967,492.4,-87.78,91.7
66.000,492.4,-87.78,100.0
66.033,492.4,-87.78,106.9
66.067,492.4,-87.78,187.2
66.100,492.4,-87.78,186.5
66.133,492.4,-87.78,183.1
66.167,492.4,-87.78,184.5
66.200,492.4,-87.78,193.1
66.233,492.4,-87.78,191.5
66.267,492.4,-87.78,195.1
66.300,492.4,-87.78,191.4
66.333,492.4,-87.78,197.2
66.367,492.4,-87.78,172.6
66.400,492.4,-87.78,116.3
66.433,492.4,-87.78,105.5
66.467,492.4,-87.78,106.2
66.500,492.4,-87.78,156.1
66.533,492.4,-87.78,196.5
66.567,492.4,-87.78,173.4
66.600,492.4,-87.78,181.1
66.633,492.4,-87.78,180.0
66.667,492.4,-87.78,190.1
66.700,492.4,-87.78,188.4
66.733,492.4,-87.78,197.6
66.767,492.4,-87.78,192.3
66.800,492.4,-87.78,191.2
66.833,492.4,-87.78,120.6
66.867,492.4,-87.78,100.4
66.900,492.4,-87.78,91.0
66.933,492.4,-87.78,99.3
66.967,492.4,-87.78,102.1
67.000,492.4,-87.78,180.4
67.033,492.4,-87.78,185.9
67.067,492.4,-87.78,187.0
67.100,492.4,-87.78,184.6
67.133,492.4,-87.78,192.5
67.167,492.4,-87.78,189.7
67.200,492.4,-87.78,195.2
67.233,492.4,-87.78,191.5
67.267,492.4,-87.78,196.1
67.300,492.4,-87.78,174.0
67.333,492.4,-87.78,118.6
67.367,492.4,-87.78,101.6
67.400,492.4,-87.78,113.7
67.433,492.4,-87.78,160.1
67.467,492.4,-87.78,193.4
67.500,492.4,-87.78,168.5
67.533,492.4,-87.78,182.0
67.567,492.4,-87.78,179.0
67.600,492.4,-87.78,190.2
67.633,492.4,-87.78,189.1
67.667,492.4,-87.78,197.9
67.700,492.4,-87.78,191.0
67.733,492.4,-87.78,185.3
67.767,492.4,-87.78,111.1
67.800,492.4,-87.78,111.0
67.833,492.4,-87.78,98.1
67.867,492.4,-87.78,90.7
67.900,492.4,-87.78,98.0
67.933,492.4,-87.78,108.5
67.967,492.4,-87.78,186.3
68.000,492.4,-87.78,183.0
68.033,492.4,-87.78,183.6
68.067,492.4,-87.78,182.4
68.100,492.4,-87.78,190.9
68.133,492.4,-87.78,186.2
68.167,492.4,-87.78,195.8
68.200,492.4,-87.78,190.9
68.233,492.4,-87.78,196.0
68.267,492.4,-87.78,168.5
68.300,492.4,-87.78,113.8
68.333,492.4,-87.78,104.8
68.367,492.4,-87.78,110.0
68.400,492.4,-87.78,165.8
68.433,492.4,-87.78,192.1
68.467,492.4,-87.78,168.9
68.500,492.4,-87.78,179.7
68.533,492.4,-87.78,179.6
68.567,492.4,-87.78,191.8
68.600,492.4,-87.78,190.9
68.633,492.4,-87.78,198.2
68.667,492.4,-87.78,191.5
68.700,492.4,-87.78,186.7
68.733,492.4,-87.78,110.4
68.767,492.4,-87.78,99.1
68.800,492.4,-87.78,89.9
68.833,492.4,-87.78,98.4
68.867,492.4,-87.78,104.5
68.900,492.4,-87.78,183.4
68.933,492.4,-87.78,188.1
68.967,492.4,-87.78,188.1
69.000,492.4,-87.78,182.5
69.033,492.4,-87.78,192.2
69.067,492.4,-87.78,188.8
69.100,492.4,-87.78,194.1
69.133,492.4,-87.78,190.2
69.167,492.4,-87.78,195.6
69.200,492.4,-87.78,171.2
69.233,492.4,-87.78,116.5
69.267,492.4,-87.78,105.3
69.300,492.4,-87.78,114.1
69.333,492.4,-87.78,166.4
69.367,492.4,-87.78,194.6
69.400,492.4,-87.78,171.7
69.433,492.4,-87.78,180.8
69.467,492.4,-87.78,179.9
69.500,492.4,-87.78,190.6
69.533,492.4,-87.78,190.5
69.567,492.4,-87.78,198.6
69.600,492.4,-87.78,190.5
69.633,492.4,-87.78,183.9
69.667,492.4,-87.78,108.0
69.700,492.4,-87.78,100.6
69.733,492.4,-87.78,90.8
69.767,492.4,-87.78,99.6
69.800,492.4,-87.78,105.6
69.833,492.4,-87.78,189.7
69.867,492.4,-87.78,186.0
69.900,492.4,-87.78,187.0
69.933,492.4,-87.78,181.4
69.967,492.4,-87.78,191.9
70.000,492.4,-87.78,185.9
70.033,492.4,-87.78,194.5
70.067,492.4,-87.78,189.2
70.100,492.4,-87.78,194.9
70.133,492.4,-87.78,177.2
70.167,492.4,-87.78,121.1
70.200,492.4,-87.78,103.1
70.233,492.4,-87.78,106.0
70.267,492.4,-87.78,137.0
70.300,492.4,-87.78,198.5
70.333,492.4,-87.78,168.0
70.367,492.4,-87.78,175.6
70.400,492.4,-87.78,175.7
70.433,492.4,-87.78,187.5
70.467,492.4,-87.78,187.4
70.500,492.4,-87.78,196.7
70.533,492.4,-87.78,189.8
70.567,492.4,-87.78,193.8
70.600,492.4,-87.78,140.4
70.633,492.4,-87.78,101.5
70.667,492.4,-87.78,89.9
70.700,492.4,-87.78,99.3
70.733,492.4,-87.78,89.4
70.767,492.4,-87.78,155.5
70.800,492.4,-87.78,190.2
70.833,492.4,-87.78,187.9
70.867,492.4,-87.78,182.2
70.900,492.4,-87.78,194.0
70.933,492.4,-87.78,187.9
70.967,492.4,-87.78,196.0
71.000,492.4,-87.78,190.5
71.033,492.4,-87.78,198.4
