region_B
t,x,y,luma
0.000,-89.58,-105.5,117.2
0.033,-87.29,-83.92,159.4
0.067,-87.29,-83.92,188.2
0.100,-87.29,-83.92,188.7
0.133,-87.29,-83.92,199.7
0.167,-87.29,-83.92,195.6
0.200,-87.29,-83.92,199.9
0.233,-87.29,-83.92,190.0
0.267,-87.29,-83.92,166.8
0.300,-87.29,-83.92,92.5
0.333,-87.29,-83.92,91.6
0.367,-87.29,-83.92,86.0
0.400,-87.29,-83.92,113.1
0.433,-87.29,-83.92,153.4
0.467,-87.29,-83.92,183.6
0.500,-87.29,-83.92,187.2
0.533,-87.29,-83.92,198.5
0.567,-87.29,-83.92,192.9
0.600,-87.29,-83.92,198.8
0.633,-87.29,-83.92,191.0
0.667,-87.29,-83.92,184.6
0.700,-87.29,-83.92,103.6
0.733,-87.29,-83.92,91.2
0.767,-87.29,-83.92,85.2
0.800,-87.29,-83.92,91.5
0.833,-87.29,-83.92,94.2
0.867,-87.29,-83.92,148.8
0.900,-87.29,-83.92,171.0
0.933,-87.29,-83.92,191.6
0.967,-87.29,-83.92,191.0
1.000,-87.29,-83.92,199.4
1.033,-87.29,-83.92,192.9
1.067,-87.29,-83.92,199.6
1.100,-87.29,-83.92,179.1
1.133,-87.29,-83.92,112.8
1.167,-87.29,-83.92,85.0
1.200,-87.29,-83.92,92.1
1.233,-87.29,-83.92,94.0
1.267,-87.29,-83.92,150.7
1.300,-87.29,-83.92,165.6
1.333,-87.29,-83.92,189.3
1.367,-87.29,-83.92,190.5
1.400,-87.29,-83.92,200.6
1.433,-87.29,-83.92,194.3
1.467,-87.29,-83.92,197.7
1.500,-87.29,-83.92,183.5
1.533,-87.29,-83.92,125.9
1.567,-87.29,-83.92,85.6
1.600,-87.29,-83.92,92.4
1.633,-87.29,-83.92,86.1
1.667,-87.29,-83.92,98.7
1.700,-87.29,-83.92,125.4
1.733,-87.29,-83.92,175.8
1.767,-87.29,-83.92,179.8
1.800,-87.29,-83.92,196.2
1.833,-87.29,-83.92,192.6
1.867,-87.29,-83.92,200.0
1.900,-87.29,-83.92,191.2
1.933,-87.29,-83.92,194.3
1.967,-87.29,-83.92,133.3
2.000,-87.29,-83.92,94.4
2.033,-87.29,-83.92,86.9
2.067,-87.29,-83.92,95.7
2.100,-87.29,-83.92,122.0
2.133,-87.29,-83.92,172.3
2.167,-87.29,-83.92,175.5
2.200,-87.29,-83.92,192.9
2.233,-87.29,-83.92,189.4
2.267,-87.29,-83.92,199.9
2.300,-87.29,-83.92,191.9
2.333,-87.29,-83.92,199.2
2.367,-87.29,-83.92,164.0
2.400,-87.29,-83.92,101.0
2.433,-87.29,-83.92,87.0
2.467,-87.29,-83.92,93.7
2.500,-87.29,-83.92,86.6
2.533,-87.29,-83.92,108.3
2.567,-87.29,-83.92,146.0
2.600,-87.29,-83.92,182.7
2.633,-87.29,-83.92,184.6
2.667,-87.29,-83.92,199.4
2.700,-87.29,-83.92,192.5
2.733,-87.29,-83.92,200.6
2.767,-87.29,-83.92,190.2
2.800,-87.29,-83.92,178.5
2.833,-87.29,-83.92,101.6
2.867,-87.29,-83.92,95.4
2.900,-87.29,-83.92,84.6
2.933,-87.29,-83.92,110.4
2.967,-87.29,-83.92,149.9
3.000,-87.29,-83.92,181.1
3.033,-87.29,-83.92,181.3
3.067,-87.29,-83.92,196.8
3.100,-87.29,-83.92,192.8
3.133,-87.29,-83.92,200.1
3.167,-87.29,-83.92,192.3
3.200,-87.29,-83.92,192.0
3.233,-87.29,-83.92,192.0
3.267,-87.29,-83.92,116.0
3.300,-87.29,-83.92,95.1
3.333,-87.29,-83.92,86.3
3.367,-87.29,-83.92,95.6
3.400,-87.29,-83.92,90.6
3.433,-87.29,-83.92,141.2
3.467,-87.29,-83.92,163.6
3.500,-87.29,-83.92,189.3
3.533,-87.29,-83.92,188.9
3.567,-87.29,-83.92,201.4
3.600,-87.29,-83.92,191.4
3.633,-87.29,-83.92,200.7
3.667,-87.29,-83.92,182.6
3.700,-87.29,-83.92,136.2
3.733,-87.29,-83.92,86.1
3.767,-87.29,-83.92,95.0
3.800,-87.29,-83.92,87.8
3.833,-87.29,-83.92,135.7
3.867,-87.29,-83.92,157.4
3.900,-87.29,-83.92,184.9
3.933,-87.29,-83.92,178.4
3.967,-87.29,-83.92,197.9
4.000,-87.29,-83.92,190.0
4.033,-87.29,-83.92,200.7
4.067,-87.29,-83.92,189.4
4.100,-87.29,-83.92,169.4
4.133,-87.29,-83.92,91.5
4.167,-87.29,-83.92,91.8
4.200,-87.29,-83.92,84.3
4.233,-87.29,-83.92,94.4
4.267,-87.29,-83.92,100.7
4.300,-87.29,-83.92,159.7
4.333,-87.29,-83.92,174.8
4.367,-87.29,-83.92,194.3
4.400,-87.29,-83.92,190.7
4.433,-87.29,-83.92,199.9
4.467,-87.29,-83.92,192.2
4.500,-87.29,-83.92,198.0
4.533,-87.29,-83.92,151.3
4.567,-87.29,-83.92,98.4
4.600,-87.29,-83.92,85.2
4.633,-87.29,-83.92,93.4
4.667,-87.29,-83.92,109.6
4.700,-87.29,-83.92,161.6
4.733,-87.29,-83.92,163.0
4.767,-87.29,-83.92,189.5
4.800,-87.29,-83.92,188.2
4.833,-87.29,-83.92,196.8
4.867,-87.29,-83.92,189.5
4.900,-87.29,-83.92,195.7
4.933,-87.29,-83.92,157.3
4.967,-87.29,-83.92,100.2
5.000,-87.29,-83.92,84.4
5.033,-87.29,-83.92,92.7
5.067,-87.29,-83.92,86.7
5.100,-87.29,-83.92,112.1
5.133,-87.29,-83.92,146.7
5.167,-87.29,-83.92,182.3
5.200,-87.29,-83.92,183.0
5.233,-87.29,-83.92,198.4
5.267,-87.29,-83.92,192.3
5.300,-87.29,-83.92,198.2
5.333,-87.29,-83.92,190.2
5.367,-87.29,-83.92,170.1
5.400,-87.29,-83.92,95.3
5.433,-87.29,-83.92,93.4
5.467,-87.29,-83.92,88.5
5.500,-87.29,-83.92,112.4
5.533,-87.29,-83.92,148.5
5.567,-87.29,-83.92,179.2
5.600,-87.29,-83.92,179.7
5.633,-87.29,-83.92,194.9
5.667,-87.29,-83.92,192.2
5.700,-87.29,-83.92,195.5
5.733,-87.29,-83.92,189.1
5.767,-87.29,-83.92,180.1
5.800,-87.29,-83.92,102.0
5.833,-87.29,-83.92,94.4
5.867,-87.29,-83.92,84.7
5.900,-87.29,-83.92,93.0
5.933,-87.29,-83.92,92.7
5.967,-87.29,-83.92,151.1
6.000,-87.29,-83.92,170.4
6.033,-87.29,-83.92,194.3
6.067,-87.29,-83.92,188.0
6.100,-87.29,-83.92,198.3
6.133,-87.29,-83.92,192.0
6.167,-87.29,-83.92,196.4
6.200,-87.29,-83.92,173.4
6.233,-87.29,-83.92,119.3
6.267,-87.29,-83.92,88.8
6.300,-87.29,-83.92,95.2
6.333,-87.29,-83.92,94.9
6.367,-87.29,-83.92,148.2
6.400,-87.29,-83.92,158.4
6.433,-87.29,-83.92,190.2
6.467,-87.29,-83.92,186.7
6.500,-87.29,-83.92,191.5
6.533,-87.29,-83.92,189.2
6.567,-87.29,-83.92,195.1
6.600,-87.29,-83.92,185.3
6.633,-87.29,-83.92,128.4
6.667,-87.29,-83.92,84.5
6.700,-87.29,-83.92,92.0
6.733,-87.29,-83.92,86.5
6.767,-87.29,-83.92,95.6
6.800,-87.29,-83.92,122.4
6.833,-87.29,-83.92,169.2
6.867,-87.29,-83.92,179.9
6.900,-87.29,-83.92,194.6
6.933,-87.29,-83.92,189.1
6.967,-87.29,-83.92,196.7
7.000,-87.29,-83.92,188.2
7.033,-87.29,-83.92,192.2
7.067,-87.29,-83.92,120.0
7.100,-87.29,-83.92,93.4
7.133,-87.29,-83.92,83.3
7.167,-87.29,-83.92,95.5
7.200,-87.29,-83.92,128.2
7.233,-87.29,-83.92,172.1
7.267,-87.29,-83.92,174.6
7.300,-87.29,-83.92,193.4
7.333,-87.29,-83.92,190.0
7.367,-87.29,-83.92,199.4
7.400,-87.29,-83.92,188.1
7.433,-87.29,-83.92,195.2
7.467,-87.29,-83.92,129.7
7.500,-87.29,-83.92,94.7
7.533,-87.29,-83.92,84.8
7.567,-87.29,-83.92,94.2
7.600,-87.29,-83.92,86.3
7.633,-87.29,-83.92,132.8
7.667,-87.29,-83.92,159.6
7.700,-87.29,-83.92,190.2
7.733,-87.29,-83.92,186.9
7.767,-87.29,-83.92,194.0
7.800,-87.29,-83.92,190.4
7.833,-87.29,-83.92,193.8
7.867,-87.29,-83.92,180.3
7.900,-87.29,-83.92,125.0
7.933,-87.29,-83.92,86.6
7.967,-87.29,-83.92,91.9
8.000,-87.29,-83.92,89.6
8.033,-87.29,-83.92,139.7
8.067,-87.29,-83.92,156.4
8.100,-87.29,-83.92,184.0
8.133,-87.29,-83.92,179.3
8.167,-87.29,-83.92,197.2
8.200,-87.29,-83.92,190.5
8.233,-87.29,-83.92,197.0
8.267,-87.29,-83.92,182.8
8.300,-87.29,-83.92,148.6
8.333,-87.29,-83.92,85.8
8.367,-87.29,-83.92,92.3
8.400,-87.29,-83.92,85.2
8.433,-87.29,-83.92,95.7
8.467,-87.29,-83.92,114.7
8.500,-87.29,-83.92,167.5
8.533,-87.29,-83.92,174.8
8.567,-87.29,-83.92,194.3
8.600,-87.29,-83.92,191.7
8.633,-87.29,-83.92,194.8
8.667,-87.29,-83.92,189.2
8.700,-87.29,-83.92,192.7
8.733,-87.29,-83.92,146.9
8.767,-87.29,-83.92,95.8
8.800,-87.29,-83.92,86.1
8.833,-87.29,-83.92,92.9
8.867,-87.29,-83.92,112.0
8.900,-87.29,-83.92,164.8
8.933,-87.29,-83.92,161.4
8.967,-87.29,-83.92,192.2
9.000,-87.29,-83.92,186.1
9.033,-87.29,-83.92,196.3
9.067,-87.29,-83.92,190.2
9.100,-87.29,-83.92,195.3
9.133,-87.29,-83.92,167.3
9.167,-87.29,-83.92,104.3
9.200,-87.29,-83.92,85.8
9.233,-87.29,-83.92,92.7
9.267,-87.29,-83.92,86.3
9.300,-87.29,-83.92,106.0
9.333,-87.29,-83.92,144.6
9.367,-87.29,-83.92,183.0
9.400,-87.29,-83.92,180.0
9.433,-87.29,-83.92,196.4
9.467,-87.29,-83.92,185.7
9.500,-87.29,-83.92,196.7
9.533,-87.29,-83.92,183.6
9.567,-87.29,-83.92,161.0
9.600,-87.29,-83.92,89.8
9.633,-87.29,-83.92,92.7
9.667,-87.29,-83.92,88.1
9.700,-87.29,-83.92,120.9
9.733,-87.29,-83.92,150.2
9.767,-87.29,-83.92,183.4
9.800,-87.29,-83.92,181.5
9.833,-87.29,-83.92,195.3
9.867,-87.29,-83.92,188.5
9.900,-87.29,-83.92,197.9
9.933,-87.29,-83.92,186.8
9.967,-87.29,-83.92,181.3
10.000,-87.29,-83.92,97.2
10.033,-87.29,-83.92,93.6
10.067,-87.29,-83.92,84.0
10.100,-87.29,-83.92,93.9
10.133,-87.29,-83.92,97.1
10.167,-87.29,-83.92,147.9
10.200,-87.29,-83.92,164.6
10.233,-87.29,-83.92,192.1
10.267,-87.29,-83.92,191.0
10.300,-87.29,-83.92,199.0
10.333,-87.29,-83.92,188.7
10.367,-87.29,-83.92,192.0
10.400,-87.29,-83.92,169.5
10.433,-87.29,-83.92,118.4
10.467,-87.29,-83.92,85.9
10.500,-87.29,-83.92,92.7
10.533,-87.29,-83.92,93.7
10.567,-87.29,-83.92,145.1
10.600,-87.29,-83.92,159.5
10.633,-87.29,-83.92,185.5
10.667,-87.29,-83.92,185.0
10.700,-87.29,-83.92,195.6
10.733,-87.29,-83.92,187.0
10.767,-87.29,-83.92,195.9
10.800,-87.29,-83.92,185.7
10.833,-87.29,-83.92,141.4
10.867,-87.29,-83.92,85.2
10.900,-87.29,-83.92,91.9
10.933,-87.29,-83.92,84.6
10.967,-87.29,-83.92,93.3
11.000,-87.29,-83.92,117.7
11.033,-87.29,-83.92,177.1
11.067,-87.29,-83.92,182.8
11.100,-87.29,-83.92,196.1
11.133,-87.29,-83.92,189.4
11.167,-87.29,-83.92,197.5
11.200,-87.29,-83.92,187.0
11.233,-87.29,-83.92,192.9
11.267,-87.29,-83.92,135.7
11.300,-87.29,-83.92,94.1
11.333,-87.29,-83.92,86.5
11.367,-87.29,-83.92,93.0
11.400,-87.29,-83.92,115.6
11.433,-87.29,-83.92,160.5
11.467,-87.29,-83.92,167.1
11.500,-87.29,-83.92,188.4
11.533,-87.29,-83.92,185.9
11.567,-87.29,-83.92,189.4
11.600,-87.29,-83.92,186.6
11.633,-87.29,-83.92,188.5
11.667,-87.29,-83.92,155.3
11.700,-87.29,-83.92,97.1
11.733,-87.29,-83.92,85.5
11.767,-87.29,-83.92,91.3
11.800,-87.29,-83.92,86.8
11.833,-87.29,-83.92,112.5
11.867,-87.29,-83.92,144.5
11.900,-87.29,-83.92,181.3
11.933,-87.29,-83.92,182.0
11.967,-87.29,-83.92,192.7
12.000,-87.29,-83.92,186.1
12.033,-87.29,-83.92,192.4
12.067,-87.29,-83.92,185.0
12.100,-87.29,-83.92,165.8
12.133,-87.29,-83.92,96.3
12.167,-87.29,-83.92,92.1
12.200,-87.29,-83.92,86.7
12.233,-87.29,-83.92,111.1
12.267,-87.29,-83.92,145.3
12.300,-87.29,-83.92,174.6
12.333,-87.29,-83.92,175.6
12.367,-87.29,-83.92,191.0
12.400,-87.29,-83.92,185.6
12.433,-87.29,-83.92,192.1
12.467,-87.29,-83.92,179.8
12.500,-87.29,-83.92,177.5
12.533,-87.29,-83.92,100.5
12.567,-87.29,-83.92,92.5
12.600,-87.29,-83.92,86.9
12.633,-87.29,-83.92,90.8
12.667,-87.29,-83.92,96.6
12.700,-87.29,-83.92,140.3
12.733,-87.29,-83.92,160.2
12.767,-87.29,-83.92,180.4
12.800,-87.29,-83.92,181.1
12.833,-87.29,-83.92,192.2
12.867,-87.29,-83.92,184.0
12.900,-87.29,-83.92,190.9
12.933,-87.29,-83.92,156.2
12.967,-87.29,-83.92,103.0
13.000,-87.29,-83.92,84.6
13.033,-87.29,-83.92,90.5
13.067,-87.29,-83.92,100.8
13.100,-87.29,-83.92,152.4
13.133,-87.29,-83.92,162.9
13.167,-87.29,-83.92,185.4
13.200,-87.29,-83.92,184.4
13.233,-87.29,-83.92,191.8
13.267,-87.29,-83.92,185.7
13.300,-87.29,-83.92,190.8
13.333,-87.29,-83.92,169.1
13.367,-87.29,-83.92,105.9
13.400,-87.29,-83.92,84.5
13.433,-87.29,-83.92,91.1
13.467,-87.29,-83.92,87.5
13.500,-87.29,-83.92,98.2
13.533,-87.29,-83.92,136.8
13.567,-87.29,-83.92,169.8
13.600,-87.29,-83.92,167.8
13.633,-87.29,-83.92,180.4
13.667,-87.29,-83.92,173.7
13.700,-87.29,-83.92,179.1
13.733,-87.29,-83.92,175.3
13.767,-87.29,-83.92,162.1
13.800,-87.29,-83.92,101.3
13.833,-87.29,-83.92,90.7
13.867,-87.29,-83.92,85.6
13.900,-87.29,-83.92,97.6
13.933,-87.29,-83.92,132.8
13.967,-87.29,-83.92,161.2
14.000,-87.29,-83.92,161.2
14.033,-87.29,-83.92,177.8
14.067,-87.29,-83.92,172.3
14.100,-87.29,-83.92,180.0
14.133,-87.29,-83.92,174.4
14.167,-87.29,-83.92,175.0
14.200,-87.29,-83.92,108.3
14.233,-87.29,-83.92,92.2
14.267,-87.29,-83.92,88.2
14.300,-87.29,-83.92,92.4
14.333,-87.29,-83.92,90.7
14.367,-87.29,-83.92,128.9
14.400,-87.29,-83.92,153.2
14.433,-87.29,-83.92,176.0
14.467,-87.29,-83.92,174.8
14.500,-87.29,-83.92,178.5
14.533,-87.29,-83.92,177.8
14.567,-87.29,-83.92,179.2
14.600,-87.29,-83.92,164.6
14.633,-87.29,-83.92,120.3
14.667,-87.29,-83.92,87.5
14.700,-87.29,-83.92,89.9
14.733,-87.29,-83.92,91.2
14.767,-87.29,-83.92,131.4
14.800,-87.29,-83.92,149.1
14.833,-87.29,-83.92,172.9
14.867,-87.29,-83.92,170.2
14.900,-87.29,-83.92,181.2
14.933,-87.29,-83.92,178.5
14.967,-87.29,-83.92,182.3
15.000,-87.29,-83.92,177.4
15.033,-87.29,-83.92,129.1
15.067,-87.29,-83.92,88.9
15.100,-87.29,-83.92,90.4
15.133,-87.29,-83.92,88.6
15.167,-87.29,-83.92,94.0
15.200,-87.29,-83.92,120.7
15.233,-87.29,-83.92,168.4
15.267,-87.29,-83.92,168.8
15.300,-87.29,-83.92,180.5
15.333,-87.29,-83.92,175.9
15.367,-87.29,-83.92,187.9
15.400,-87.29,-83.92,179.7
15.433,-87.29,-83.92,178.5
15.467,-87.29,-83.92,117.2
15.500,-87.29,-83.92,93.3
15.533,-87.29,-83.92,86.6
15.567,-87.29,-83.92,96.0
15.600,-87.29,-83.92,131.0
15.633,-87.29,-83.92,164.5
15.667,-87.29,-83.92,168.2
15.700,-87.29,-83.92,181.6
15.733,-87.29,-83.92,181.0
15.767,-87.29,-83.92,186.7
15.800,-87.29,-83.92,183.5
15.833,-87.29,-83.92,185.2
15.867,-87.29,-83.92,132.3
15.900,-87.29,-83.92,92.4
15.933,-87.29,-83.92,84.7
15.967,-87.29,-83.92,90.5
16.000,-87.29,-83.92,89.5
16.033,-87.29,-83.92,118.8
16.067,-87.29,-83.92,150.6
16.100,-87.29,-83.92,173.1
16.133,-87.29,-83.92,175.3
16.167,-87.29,-83.92,187.2
16.200,-87.29,-83.92,182.3
16.233,-87.29,-83.92,188.8
16.267,-87.29,-83.92,176.9
16.300,-87.29,-83.92,131.3
16.333,-87.29,-83.92,86.8
16.367,-87.29,-83.92,90.0
16.400,-87.29,-83.92,90.0
16.433,-87.29,-83.92,131.0
16.467,-87.29,-83.92,151.6
16.500,-87.29,-83.92,175.2
16.533,-87.29,-83.92,174.8
16.567,-87.29,-83.92,183.6
16.600,-87.29,-83.92,181.6
16.633,-87.29,-83.92,183.4
16.667,-87.29,-83.92,177.9
16.700,-87.29,-83.92,139.8
16.733,-87.29,-83.92,86.5
16.767,-87.29,-83.92,89.1
16.800,-87.29,-83.92,86.1
16.833,-87.29,-83.92,93.8
16.867,-87.29,-83.92,114.0
16.900,-87.29,-83.92,155.5
16.933,-87.29,-83.92,167.6
16.967,-87.29,-83.92,182.3
17.000,-87.29,-83.92,183.9
17.033,-87.29,-83.92,186.5
17.067,-87.29,-83.92,182.4
17.100,-87.29,-83.92,182.7
17.133,-87.29,-83.92,131.0
17.167,-87.29,-83.92,93.4
17.200,-87.29,-83.92,89.2
17.233,-87.29,-83.92,93.2
17.267,-87.29,-83.92,127.0
17.300,-87.29,-83.92,161.8
17.333,-87.29,-83.92,168.7
17.367,-87.29,-83.92,184.1
17.400,-87.29,-83.92,184.1
17.433,-87.29,-83.92,185.6
17.467,-87.29,-83.92,181.3
17.500,-87.29,-83.92,185.4
17.533,-87.29,-83.92,139.6
17.567,-87.29,-83.92,90.2
17.600,-87.29,-83.92,86.1
17.633,-87.29,-83.92,89.3
17.667,-87.29,-83.92,88.5
17.700,-87.29,-83.92,118.1
17.733,-87.29,-83.92,151.8
17.767,-87.29,-83.92,176.1
17.800,-87.29,-83.92,178.1
17.833,-87.29,-83.92,190.2
17.867,-87.29,-83.92,189.5
17.900,-87.29,-83.92,187.8
17.933,-87.29,-83.92,182.8
17.967,-87.29,-83.92,136.2
18.000,-87.29,-83.92,88.4
18.033,-87.29,-83.92,90.8
18.067,-87.29,-83.92,90.0
18.100,-87.29,-83.92,125.3
18.133,-87.29,-83.92,153.7
18.167,-87.29,-83.92,181.1
18.200,-87.29,-83.92,182.3
18.233,-87.29,-83.92,186.0
18.267,-87.29,-83.92,185.1
18.300,-87.29,-83.92,190.9
18.333,-87.29,-83.92,183.3
18.367,-87.29,-83.92,146.5
18.400,-87.29,-83.92,88.5
18.433,-87.29,-83.92,91.0
18.467,-87.29,-83.92,88.9
18.500,-87.29,-83.92,91.8
18.533,-87.29,-83.92,117.7
18.567,-87.29,-83.92,158.4
18.600,-87.29,-83.92,175.3
18.633,-87.29,-83.92,188.0
18.667,-87.29,-83.92,185.4
18.700,-87.29,-83.92,190.8
18.733,-87.29,-83.92,190.0
18.767,-87.29,-83.92,189.2
18.800,-87.29,-83.92,137.9
18.833,-87.29,-83.92,92.5
18.867,-87.29,-83.92,88.9
18.900,-87.29,-83.92,92.8
18.933,-87.29,-83.92,126.1
18.967,-87.29,-83.92,163.9
19.000,-87.29,-83.92,167.4
19.033,-87.29,-83.92,182.5
19.067,-87.29,-83.92,182.6
19.100,-87.29,-83.92,191.2
19.133,-87.29,-83.92,186.6
19.167,-87.29,-83.92,189.9
19.200,-87.29,-83.92,142.5
19.233,-87.29,-83.92,91.8
19.267,-87.29,-83.92,89.8
19.300,-87.29,-83.92,91.1
19.333,-87.29,-83.92,91.7
19.367,-87.29,-83.92,120.2
19.400,-87.29,-83.92,158.4
19.433,-87.29,-83.92,178.7
19.467,-87.29,-83.92,185.1
19.500,-87.29,-83.92,190.6
19.533,-87.29,-83.92,189.4
19.567,-87.29,-83.92,190.2
19.600,-87.29,-83.92,180.7
19.633,-87.29,-83.92,132.3
19.667,-87.29,-83.92,90.1
19.700,-87.29,-83.92,90.9
19.733,-87.29,-83.92,92.7
19.767,-87.29,-83.92,134.2
19.800,-87.29,-83.92,158.4
19.833,-87.29,-83.92,178.1
19.867,-87.29,-83.92,182.4
19.900,-87.29,-83.92,188.2
19.933,-87.29,-83.92,184.6
19.967,-87.29,-83.92,188.9
20.000,-87.29,-83.92,179.1
20.033,-87.29,-83.92,128.3
20.067,-87.29,-83.92,90.6
20.100,-87.29,-83.92,90.6
20.133,-87.29,-83.92,90.5
20.167,-87.29,-83.92,93.5
20.200,-87.29,-83.92,124.4
20.233,-87.29,-83.92,158.8
20.267,-87.29,-83.92,173.8
20.300,-87.29,-83.92,181.9
20.333,-87.29,-83.92,182.2
20.367,-87.29,-83.92,183.0
20.400,-87.29,-83.92,182.0
20.433,-87.29,-83.92,176.8
20.467,-87.29,-83.92,117.2
20.500,-87.29,-83.92,90.0
20.533,-87.29,-83.92,89.0
20.567,-87.29,-83.92,92.8
20.600,-87.29,-83.92,131.9
20.633,-87.29,-83.92,155.3
20.667,-87.29,-83.92,170.9
20.700,-87.29,-83.92,183.8
20.733,-87.29,-83.92,186.4
20.767,-87.29,-83.92,187.4
20.800,-87.29,-83.92,186.5
20.833,-87.29,-83.92,184.2
20.867,-87.29,-83.92,128.5
20.900,-87.29,-83.92,90.8
20.933,-87.29,-83.92,88.0
20.967,-87.29,-83.92,89.5
21.000,-87.29,-83.92,90.6
21.033,-87.29,-83.92,115.9
21.067,-87.29,-83.92,156.3
21.100,-87.29,-83.92,176.9
21.133,-87.29,-83.92,179.9
21.167,-87.29,-83.92,179.3
21.200,-87.29,-83.92,179.3
21.233,-87.29,-83.92,177.9
21.267,-87.29,-83.92,172.6
21.300,-87.29,-83.92,126.9
21.333,-87.29,-83.92,88.4
21.367,-87.29,-83.92,89.3
21.400,-87.29,-83.92,89.4
21.433,-87.29,-83.92,123.6
21.467,-87.29,-83.92,152.8
21.500,-87.29,-83.92,167.9
21.533,-87.29,-83.92,172.0
21.567,-87.29,-83.92,182.8
21.600,-87.29,-83.92,182.6
21.633,-87.29,-83.92,182.0
21.667,-87.29,-83.92,175.9
21.700,-87.29,-83.92,133.2
21.733,-87.29,-83.92,90.5
21.767,-87.29,-83.92,89.8
21.800,-87.29,-83.92,89.6
21.833,-87.29,-83.92,89.7
21.867,-87.29,-83.92,118.9
21.900,-87.29,-83.92,157.3
21.933,-87.29,-83.92,166.6
21.967,-87.29,-83.92,179.7
22.000,-87.29,-83.92,179.5
22.033,-87.29,-83.92,179.4
22.067,-87.29,-83.92,177.1
22.100,-87.29,-83.92,174.9
22.133,-87.29,-83.92,129.4
22.167,-87.29,-83.92,90.2
22.200,-87.29,-83.92,90.0
22.233,-87.29,-83.92,90.1
22.267,-87.29,-83.92,117.1
22.300,-87.29,-83.92,150.3
22.333,-87.29,-83.92,161.3
22.367,-87.29,-83.92,172.3
22.400,-87.29,-83.92,174.0
22.433,-87.29,-83.92,174.2
22.467,-87.29,-83.92,174.2
22.500,-87.29,-83.92,173.4
22.533,-87.29,-83.92,146.3
22.567,-87.29,-83.92,93.1
22.600,-87.29,-83.92,89.6
22.633,-87.29,-83.92,89.0
22.667,-87.29,-83.92,92.1
22.700,-87.29,-83.92,109.0
22.733,-87.29,-83.92,145.6
22.767,-87.29,-83.92,165.4
22.800,-87.29,-83.92,173.4
22.833,-87.29,-83.92,178.9
22.867,-87.29,-83.92,179.0
22.900,-87.29,-83.92,177.4
22.933,-87.29,-83.92,174.4
22.967,-87.29,-83.92,143.7
23.000,-87.29,-83.92,90.5
23.033,-87.29,-83.92,90.6
23.067,-87.29,-83.92,90.2
23.100,-87.29,-83.92,109.2
23.133,-87.29,-83.92,148.9
23.167,-87.29,-83.92,164.3
23.200,-87.29,-83.92,175.3
23.233,-87.29,-83.92,176.8
23.267,-87.29,-83.92,177.6
23.300,-87.29,-83.92,177.4
23.333,-87.29,-83.92,177.3
23.367,-87.29,-83.92,148.9
23.400,-87.29,-83.92,89.7
23.433,-87.29,-83.92,89.4
23.467,-87.29,-83.92,89.0
23.500,-87.29,-83.92,89.1
23.533,-87.29,-83.92,109.4
23.567,-87.29,-83.92,141.9
23.600,-87.29,-83.92,165.4
23.633,-87.29,-83.92,170.1
23.667,-87.29,-83.92,174.0
23.700,-87.29,-83.92,175.8
23.733,-87.29,-83.92,176.9
23.767,-87.29,-83.92,175.6
23.800,-87.29,-83.92,144.8
23.833,-87.29,-83.92,93.7
23.867,-87.29,-83.92,92.3
23.900,-87.29,-83.92,90.8
23.933,-87.29,-83.92,108.9
23.967,-87.29,-83.92,145.7
24.000,-87.29,-83.92,160.1
24.033,-87.29,-83.92,168.3
24.067,-87.29,-83.92,172.3
24.100,-87.29,-83.92,173.3
24.133,-87.29,-83.92,173.4
24.167,-87.29,-83.92,172.5
24.200,-87.29,-83.92,154.8
24.233,-87.29,-83.92,96.4
24.267,-87.29,-83.92,89.2
24.300,-87.29,-83.92,87.6
24.333,-87.29,-83.92,87.8
24.367,-87.29,-83.92,97.0
24.400,-87.29,-83.92,141.6
24.433,-87.29,-83.92,160.8
24.467,-87.29,-83.92,172.3
24.500,-87.29,-83.92,176.3
24.533,-87.29,-83.92,177.5
24.567,-87.29,-83.92,176.8
24.600,-87.29,-83.92,176.3
24.633,-87.29,-83.92,152.6
24.667,-87.29,-83.92,97.5
24.700,-87.29,-83.92,87.9
24.733,-87.29,-83.92,89.2
24.767,-87.29,-83.92,100.4
24.800,-87.29,-83.92,142.5
24.833,-87.29,-83.92,158.0
24.867,-87.29,-83.92,163.3
24.900,-87.29,-83.92,172.0
24.933,-87.29,-83.92,176.0
24.967,-87.29,-83.92,177.8
25.000,-87.29,-83.92,178.0
25.033,-87.29,-83.92,163.8
25.067,-87.29,-83.92,102.3
25.100,-87.29,-83.92,87.3
25.133,-87.29,-83.92,88.3
25.167,-87.29,-83.92,88.1
25.200,-87.29,-83.92,99.3
25.233,-87.29,-83.92,132.6
25.267,-87.29,-83.92,161.5
25.300,-87.29,-83.92,170.3
25.333,-87.29,-83.92,175.7
25.367,-87.29,-83.92,177.0
25.400,-87.29,-83.92,177.4
25.433,-87.29,-83.92,176.1
25.467,-87.29,-83.92,151.0
25.500,-87.29,-83.92,95.7
25.533,-87.29,-83.92,89.7
25.567,-87.29,-83.92,88.6
25.600,-87.29,-83.92,104.8
25.633,-87.29,-83.92,138.0
25.667,-87.29,-83.92,155.1
25.700,-87.29,-83.92,166.0
25.733,-87.29,-83.92,178.2
25.767,-87.29,-83.92,177.9
25.800,-87.29,-83.92,178.9
25.833,-87.29,-83.92,176.9
25.867,-87.29,-83.92,160.2
25.900,-87.29,-83.92,95.4
25.933,-87.29,-83.92,91.2
25.967,-87.29,-83.92,90.7
26.000,-87.29,-83.92,90.4
26.033,-87.29,-83.92,97.9
26.067,-87.29,-83.92,162.5
26.167,-87.29,-83.92,172.1
26.200,-87.29,-83.92,173.8
26.233,-87.29,-83.92,175.5
26.267,-87.29,-83.92,174.9
26.300,-87.29,-83.92,174.7
26.333,-87.29,-83.92,150.2
26.367,-87.29,-83.92,95.5
26.400,-87.29,-83.92,87.1
26.433,-87.29,-83.92,89.6
26.467,-87.29,-83.92,99.7
26.500,-87.29,-83.92,141.2
26.533,-87.29,-83.92,156.4
26.567,-87.29,-83.92,169.1
26.600,-87.29,-83.92,170.2
26.633,-87.29,-83.92,176.2
26.667,-87.29,-83.92,175.9
26.700,-87.29,-83.92,177.6
26.733,-87.29,-83.92,159.6
26.767,-87.29,-83.92,101.5
26.800,-87.29,-83.92,90.6
26.833,-87.29,-83.92,90.8
26.867,-87.29,-83.92,89.7
26.900,-87.29,-83.92,98.2
26.933,-87.29,-83.92,130.0
26.967,-87.29,-83.92,160.9
27.000,-87.29,-83.92,164.9
27.033,-87.29,-83.92,172.9
27.067,-87.29,-83.92,168.7
27.100,-87.29,-83.92,177.5
27.133,-87.29,-83.92,171.4
27.167,-87.29,-83.92,160.0
27.200,-87.29,-83.92,101.5
27.233,-87.29,-83.92,91.2
27.267,-87.29,-83.92,86.3
27.300,-87.29,-83.92,97.0
27.333,-87.29,-83.92,135.9
27.367,-87.29,-83.92,160.3
27.400,-87.29,-83.92,164.5
27.433,-87.29,-83.92,172.2
27.467,-87.29,-83.92,171.5
27.500,-87.29,-83.92,173.3
27.533,-87.29,-83.92,170.5
27.567,-87.29,-83.92,161.6
27.600,-87.29,-83.92,99.0
27.633,-87.29,-83.92,89.8
27.667,-87.29,-83.92,87.2
27.700,-87.29,-83.92,89.8
27.733,-87.29,-83.92,94.6
27.767,-87.29,-83.92,138.1
27.800,-87.29,-83.92,155.7
27.833,-87.29,-83.92,167.4
27.867,-87.29,-83.92,170.1
27.900,-87.29,-83.92,176.9
27.933,-87.29,-83.92,169.9
27.967,-87.29,-83.92,174.7
28.000,-87.29,-83.92,147.8
28.033,-87.29,-83.92,97.1
28.067,-87.29,-83.92,88.0
28.100,-87.29,-83.92,89.0
28.133,-87.29,-83.92,100.7
28.167,-87.29,-83.92,148.8
28.200,-87.29,-83.92,156.4
28.233,-87.29,-83.92,171.8
28.267,-87.29,-83.92,170.9
28.300,-87.29,-83.92,175.2
28.333,-87.29,-83.92,173.0
28.367,-87.29,-83.92,175.7
28.400,-87.29,-83.92,156.1
28.433,-87.29,-83.92,99.4
28.467,-87.29,-83.92,86.0
28.500,-87.29,-83.92,87.9
28.533,-87.29,-83.92,85.3
28.567,-87.29,-83.92,98.7
28.600,-87.29,-83.92,129.9
28.633,-87.29,-83.92,157.9
28.667,-87.29,-83.92,163.7
28.700,-87.29,-83.92,176.0
28.733,-87.29,-83.92,173.8
28.767,-87.29,-83.92,177.1
28.800,-87.29,-83.92,171.5
28.833,-87.29,-83.92,152.9
28.867,-87.29,-83.92,94.8
28.900,-87.29,-83.92,88.7
28.933,-87.29,-83.92,87.0
28.967,-87.29,-83.92,107.0
29.000,-87.29,-83.92,136.5
29.033,-87.29,-83.92,162.6
29.067,-87.29,-83.92,164.7
29.100,-87.29,-83.92,172.9
29.133,-87.29,-83.92,172.7
29.167,-87.29,-83.92,174.2
29.200,-87.29,-83.92,172.0
29.233,-87.29,-83.92,159.4
29.267,-87.29,-83.92,92.3
29.300,-87.29,-83.92,89.6
29.333,-87.29,-83.92,83.1
29.367,-87.29,-83.92,88.0
29.400,-87.29,-83.92,93.1
29.433,-87.29,-83.92,140.8
29.467,-87.29,-83.92,158.3
29.500,-87.29,-83.92,175.1
29.533,-87.29,-83.92,172.1
29.567,-87.29,-83.92,177.3
29.600,-87.29,-83.92,172.5
29.633,-87.29,-83.92,175.3
29.667,-87.29,-83.92,150.0
29.700,-87.29,-83.92,99.4
29.733,-87.29,-83.92,87.7
29.767,-87.29,-83.92,90.3
29.800,-87.29,-83.92,97.5
29.833,-87.29,-83.92,143.0
29.867,-87.29,-83.92,152.6
29.900,-87.29,-83.92,168.1
29.933,-87.29,-83.92,167.6
29.967,-87.29,-83.92,171.8
30.000,-87.29,-83.92,169.0
30.033,-87.29,-83.92,176.1
30.067,-87.29,-83.92,154.4
30.100,-87.29,-83.92,94.2
30.133,-87.29,-83.92,84.7
30.167,-87.29,-83.92,90.6
30.200,-87.29,-83.92,84.7
30.233,-87.29,-83.92,106.4
30.267,-87.29,-83.92,133.5
30.300,-87.29,-83.92,161.3
30.333,-87.29,-83.92,160.5
30.367,-87.29,-83.92,174.7
30.400,-87.29,-83.92,169.6
30.433,-87.29,-83.92,175.4
30.467,-87.29,-83.92,165.6
30.500,-87.29,-83.92,135.3
30.533,-87.29,-83.92,87.5
30.567,-87.29,-83.92,92.0
30.600,-87.29,-83.92,86.4
30.633,-87.29,-83.92,116.0
30.667,-87.29,-83.92,142.8
30.700,-87.29,-83.92,164.4
30.733,-87.29,-83.92,163.7
30.767,-87.29,-83.92,172.5
30.800,-87.29,-83.92,167.0
30.833,-87.29,-83.92,174.9
30.867,-87.29,-83.92,164.0
30.900,-87.29,-83.92,145.2
30.933,-87.29,-83.92,86.0
30.967,-87.29,-83.92,88.1
31.000,-87.29,-83.92,86.5
31.033,-87.29,-83.92,90.7
31.067,-87.29,-83.92,99.8
31.100,-87.29,-83.92,147.7
31.133,-87.29,-83.92,160.3
31.167,-87.29,-83.92,172.0
31.200,-87.29,-83.92,168.6
31.233,-87.29,-83.92,172.2
31.267,-87.29,-83.92,167.4
31.300,-87.29,-83.92,171.3
31.333,-87.29,-83.92,136.1
31.367,-87.29,-83.92,97.8
31.400,-87.29,-83.92,90.2
31.433,-87.29,-83.92,95.9
31.467,-87.29,-83.92,108.0
31.500,-87.29,-83.92,149.1
31.533,-87.29,-83.92,152.2
31.567,-87.29,-83.92,166.7
31.600,-87.29,-83.92,162.6
31.633,-87.29,-83.92,173.9
31.667,-87.29,-83.92,164.0
31.700,-87.29,-83.92,173.1
31.733,-87.29,-83.92,143.8
31.767,-87.29,-83.92,100.3
31.800,-87.29,-83.92,94.3
31.833,-87.29,-83.92,98.3
31.867,-87.29,-83.92,94.5
31.900,-87.29,-83.92,114.2
31.933,-87.29,-83.92,137.6
31.967,-87.29,-83.92,161.5
32.000,-87.29,-83.92,157.6
32.033,-87.29,-83.92,172.1
32.067,-87.29,-83.92,164.6
32.100,-87.29,-83.92,172.0
32.133,-87.29,-83.92,164.8
32.167,-87.29,-83.92,144.6
32.200,-87.29,-83.92,93.2
32.233,-87.29,-83.92,97.2
32.267,-87.29,-83.92,92.2
32.300,-87.29,-83.92,120.0
32.333,-87.29,-83.92,139.4
32.367,-87.29,-83.92,160.9
32.400,-87.29,-83.92,158.1
32.433,-87.29,-83.92,173.1
32.467,-87.29,-83.92,166.7
32.500,-87.29,-83.92,172.4
32.533,-87.29,-83.92,161.8
32.567,-87.29,-83.92,148.5
32.600,-87.29,-83.92,97.1
32.633,-87.29,-83.92,101.2
32.667,-87.29,-83.92,94.8
32.700,-87.29,-83.92,101.4
32.733,-87.29,-83.92,106.4
32.767,-87.29,-83.92,145.6
32.800,-87.29,-83.92,151.8
32.833,-87.29,-83.92,169.7
32.867,-87.29,-83.92,165.5
32.900,-87.29,-83.92,170.4
32.933,-87.29,-83.92,165.0
32.967,-87.29,-83.92,168.8
33.000,-87.29,-83.92,133.0
33.033,-87.29,-83.92,98.5
33.067,-87.29,-83.92,94.2
33.100,-87.29,-83.92,97.7
33.133,-87.29,-83.92,115.0
33.167,-87.29,-83.92,149.5
33.200,-87.29,-83.92,151.5
33.233,-87.29,-83.92,166.9
33.267,-87.29,-83.92,161.0
33.300,-87.29,-83.92,170.0
33.333,-87.29,-83.92,161.4
33.367,-87.29,-83.92,172.3
33.400,-87.29,-83.92,147.0
33.433,-87.29,-83.92,108.5
33.467,-87.29,-83.92,97.1
33.500,-87.29,-83.92,104.9
33.533,-87.29,-83.92,97.4
33.567,-87.29,-83.92,113.2
33.600,-87.29,-83.92,135.6
33.633,-87.29,-83.92,163.1
33.667,-87.29,-83.92,158.4
33.700,-87.29,-83.92,172.0
33.733,-87.29,-83.92,160.8
33.767,-87.29,-83.92,172.1
33.800,-87.29,-83.92,158.7
33.833,-87.29,-83.92,150.3
33.867,-87.29,-83.92,98.1
33.900,-87.29,-83.92,99.2
33.933,-87.29,-83.92,94.5
33.967,-87.29,-83.92,114.3
34.000,-87.29,-83.92,132.5
34.033,-87.29,-83.92,159.2
34.067,-87.29,-83.92,158.4
34.100,-87.29,-83.92,169.6
34.133,-87.29,-83.92,161.6
34.167,-87.29,-83.92,171.1
34.200,-87.29,-83.92,160.9
34.233,-87.29,-83.92,155.9
34.267,-87.29,-83.92,98.5
34.300,-87.29,-83.92,99.5
34.333,-87.29,-83.92,92.7
34.367,-87.29,-83.92,98.8
34.400,-87.29,-83.92,98.1
34.433,-87.29,-83.92,139.4
34.467,-87.29,-83.92,147.7
34.500,-87.29,-83.92,166.7
34.533,-87.29,-83.92,160.1
34.567,-87.29,-83.92,170.8
34.600,-87.29,-83.92,159.2
34.633,-87.29,-83.92,166.7
34.667,-87.29,-83.92,144.0
34.700,-87.29,-83.92,109.8
34.733,-87.29,-83.92,95.8
34.767,-87.29,-83.92,101.0
34.800,-87.29,-83.92,102.1
34.833,-87.29,-83.92,150.1
34.867,-87.29,-83.92,150.2
34.900,-87.29,-83.92,166.9
34.933,-87.29,-83.92,161.3
34.967,-87.29,-83.92,172.6
35.000,-87.29,-83.92,163.5
35.033,-87.29,-83.92,167.4
35.067,-87.29,-83.92,154.5
35.100,-87.29,-83.92,108.0
35.133,-87.29,-83.92,90.9
35.167,-87.29,-83.92,97.2
35.200,-87.29,-83.92,92.3
35.233,-87.29,-83.92,108.4
35.267,-87.29,-83.92,131.6
35.300,-87.29,-83.92,160.8
35.333,-87.29,-83.92,156.6
35.367,-87.29,-83.92,170.1
35.400,-87.29,-83.92,162.0
35.433,-87.29,-83.92,173.3
35.467,-87.29,-83.92,160.3
35.500,-87.29,-83.92,145.4
35.533,-87.29,-83.92,97.9
35.567,-87.29,-83.92,102.0
35.600,-87.29,-83.92,97.5
35.633,-87.29,-83.92,124.1
35.667,-87.29,-83.92,139.2
35.700,-87.29,-83.92,162.6
35.733,-87.29,-83.92,158.9
35.767,-87.29,-83.92,170.9
35.800,-87.29,-83.92,163.5
35.833,-87.29,-83.92,173.8
35.867,-87.29,-83.92,162.5
35.900,-87.29,-83.92,144.7
35.933,-87.29,-83.92,99.3
35.967,-87.29,-83.92,102.6
36.000,-87.29,-83.92,96.2
36.033,-87.29,-83.92,102.4
36.067,-87.29,-83.92,112.5
36.100,-87.29,-83.92,151.0
36.133,-87.29,-83.92,154.2
36.167,-87.29,-83.92,167.9
36.200,-87.29,-83.92,163.9
36.233,-87.29,-83.92,169.3
36.267,-87.29,-83.92,162.3
36.300,-87.29,-83.92,164.8
36.333,-87.29,-83.92,117.9
36.367,-87.29,-83.92,101.3
36.400,-87.29,-83.92,96.5
36.433,-87.29,-83.92,103.4
36.467,-87.29,-83.92,123.7
36.500,-87.29,-83.92,158.1
36.533,-87.29,-83.92,154.2
36.567,-87.29,-83.92,166.6
36.600,-87.29,-83.92,161.7
36.633,-87.29,-83.92,170.9
36.667,-87.29,-83.92,161.3
36.700,-87.29,-83.92,165.0
36.733,-87.29,-83.92,116.9
36.767,-87.29,-83.92,103.7
36.800,-87.29,-83.92,95.6
36.833,-87.29,-83.92,101.9
36.867,-87.29,-83.92,100.9
36.900,-87.29,-83.92,142.4
36.933,-87.29,-83.92,148.0
36.967,-87.29,-83.92,169.2
37.000,-87.29,-83.92,160.5
37.033,-87.29,-83.92,170.8
37.067,-87.29,-83.92,160.0
37.100,-87.29,-83.92,169.7
37.133,-87.29,-83.92,145.4
37.167,-87.29,-83.92,114.6
37.200,-87.29,-83.92,97.7
37.233,-87.29,-83.92,104.6
37.267,-87.29,-83.92,103.3
37.300,-87.29,-83.92,146.0
37.333,-87.29,-83.92,143.8
37.367,-87.29,-83.92,165.0
37.400,-87.29,-83.92,158.5
37.433,-87.29,-83.92,171.9
37.467,-87.29,-83.92,163.2
37.500,-87.29,-83.92,171.0
37.533,-87.29,-83.92,155.7
37.567,-87.29,-83.92,120.7
37.600,-87.29,-83.92,96.3
37.633,-87.29,-83.92,105.2
37.667,-87.29,-83.92,95.0
37.700,-87.29,-83.92,107.9
37.733,-87.29,-83.92,121.0
37.767,-87.29,-83.92,157.6
37.800,-87.29,-83.92,154.3
37.833,-87.29,-83.92,168.7
37.867,-87.29,-83.92,162.5
37.900,-87.29,-83.92,171.4
37.933,-87.29,-83.92,162.1
37.967,-87.29,-83.92,166.0
38.000,-87.29,-83.92,117.7
38.033,-87.29,-83.92,105.1
38.067,-87.29,-83.92,99.9
38.100,-87.29,-83.92,108.7
38.133,-87.29,-83.92,125.5
38.167,-87.29,-83.92,159.3
38.200,-87.29,-83.92,151.2
38.233,-87.29,-83.92,169.8
38.267,-87.29,-83.92,159.9
38.300,-87.29,-83.92,172.5
38.333,-87.29,-83.92,159.5
38.367,-87.29,-83.92,169.4
38.400,-87.29,-83.92,134.1
38.433,-87.29,-83.92,108.0
38.467,-87.29,-83.92,99.5
38.500,-87.29,-83.92,108.1
38.533,-87.29,-83.92,101.5
38.567,-87.29,-83.92,118.7
38.600,-87.29,-83.92,134.6
38.633,-87.29,-83.92,163.5
38.667,-87.29,-83.92,158.3
38.700,-87.29,-83.92,171.3
38.733,-87.29,-83.92,162.6
38.767,-87.29,-83.92,171.3
38.800,-87.29,-83.92,160.5
38.833,-87.29,-83.92,148.4
38.867,-87.29,-83.92,99.2
38.900,-87.29,-83.92,106.0
38.933,-87.29,-83.92,100.1
38.967,-87.29,-83.92,120.3
39.000,-87.29,-83.92,139.3
39.033,-87.29,-83.92,162.8
39.067,-87.29,-83.92,153.2
39.100,-87.29,-83.92,170.4
39.133,-87.29,-83.92,164.0
39.167,-87.29,-83.92,172.9
39.200,-87.29,-83.92,162.0
39.233,-87.29,-83.92,165.2
39.267,-87.29,-83.92,113.4
39.300,-87.29,-83.92,106.8
39.333,-87.29,-83.92,100.9
39.367,-87.29,-83.92,107.3
39.400,-87.29,-83.92,102.9
39.433,-87.29,-83.92,137.1
39.467,-87.29,-83.92,145.9
39.500,-87.29,-83.92,168.0
39.533,-87.29,-83.92,159.8
39.567,-87.29,-83.92,174.0
39.600,-87.29,-83.92,160.7
39.633,-87.29,-83.92,170.5
39.667,-87.29,-83.92,153.9
39.700,-87.29,-83.92,127.2
39.733,-87.29,-83.92,98.2
39.767,-87.29,-83.92,105.2
39.800,-87.29,-83.92,99.6
39.833,-87.29,-83.92,136.6
39.867,-87.29,-83.92,143.3
39.900,-87.29,-83.92,162.5
39.933,-87.29,-83.92,158.7
39.967,-87.29,-83.92,170.2
40.000,-87.29,-83.92,162.7
40.033,-87.29,-83.92,170.8
40.067,-87.29,-83.92,158.2
40.100,-87.29,-83.92,135.6
40.133,-87.29,-83.92,103.0
40.167,-87.29,-83.92,108.8
40.200,-87.29,-83.92,103.2
40.233,-87.29,-83.92,111.5
40.267,-87.29,-83.92,119.3
40.300,-87.29,-83.92,156.4
40.333,-87.29,-83.92,154.2
40.367,-87.29,-83.92,166.7
40.400,-87.29,-83.92,159.1
40.433,-87.29,-83.92,172.9
40.467,-87.29,-83.92,158.8
40.500,-87.29,-83.92,168.1
40.533,-87.29,-83.92,125.0
40.567,-87.29,-83.92,106.4
40.600,-87.29,-83.92,98.9
40.633,-87.29,-83.92,105.5
40.667,-87.29,-83.92,117.9
40.700,-87.29,-83.92,154.9
40.733,-87.29,-83.92,149.7
40.767,-87.29,-83.92,168.0
40.800,-87.29,-83.92,160.3
40.833,-87.29,-83.92,170.8
40.867,-87.29,-83.92,163.2
40.900,-87.29,-83.92,166.2
40.933,-87.29,-83.92,140.5
40.967,-87.29,-83.92,111.7
41.000,-87.29,-83.92,99.7
41.033,-87.29,-83.92,105.2
41.067,-87.29,-83.92,96.4
41.100,-87.29,-83.92,118.9
41.133,-87.29,-83.92,138.8
41.167,-87.29,-83.92,165.0
41.200,-87.29,-83.92,157.7
41.233,-87.29,-83.92,171.1
41.267,-87.29,-83.92,160.5
41.300,-87.29,-83.92,169.1
41.333,-87.29,-83.92,161.5
41.367,-87.29,-83.92,151.4
41.400,-87.29,-83.92,101.0
41.433,-87.29,-83.92,101.9
41.467,-87.29,-83.92,97.7
41.500,-87.29,-83.92,114.8
41.533,-87.29,-83.92,129.1
41.567,-87.29,-83.92,154.1
41.600,-87.29,-83.92,150.4
41.633,-87.29,-83.92,169.3
41.667,-87.29,-83.92,161.7
41.700,-87.29,-83.92,171.1
41.733,-87.29,-83.92,161.4
41.767,-87.29,-83.92,166.0
41.800,-87.29,-83.92,114.6
41.833,-87.29,-83.92,103.0
41.867,-87.29,-83.92,96.2
41.900,-87.29,-83.92,104.2
41.933,-87.29,-83.92,97.8
41.967,-87.29,-83.92,129.3
42.000,-87.29,-83.92,144.2
42.033,-87.29,-83.92,168.3
42.067,-87.29,-83.92,157.9
42.100,-87.29,-83.92,169.4
42.133,-87.29,-83.92,163.6
42.167,-87.29,-83.92,171.4
42.200,-87.29,-83.92,155.7
42.233,-87.29,-83.92,127.5
42.267,-87.29,-83.92,99.0
42.300,-87.29,-83.92,105.4
42.333,-87.29,-83.92,102.3
42.367,-87.29,-83.92,138.0
42.400,-87.29,-83.92,145.8
42.433,-87.29,-83.92,165.3
42.467,-87.29,-83.92,159.3
42.500,-87.29,-83.92,167.8
42.533,-87.29,-83.92,161.0
42.567,-87.29,-83.92,168.9
42.600,-87.29,-83.92,156.1
42.633,-87.29,-83.92,140.8
42.667,-87.29,-83.92,98.9
42.700,-87.29,-83.92,105.3
42.733,-87.29,-83.92,98.9
42.767,-87.29,-83.92,104.9
42.800,-87.29,-83.92,111.6
42.833,-87.29,-83.92,155.5
42.867,-87.29,-83.92,153.1
42.900,-87.29,-83.92,168.7
42.933,-87.29,-83.92,162.8
42.967,-87.29,-83.92,170.6
43.000,-87.29,-83.92,161.5
43.033,-87.29,-83.92,166.4
43.067,-87.29,-83.92,138.8
43.100,-87.29,-83.92,110.5
43.133,-87.29,-83.92,99.5
43.167,-87.29,-83.92,108.4
43.200,-87.29,-83.92,115.0
43.233,-87.29,-83.92,149.8
43.267,-87.29,-83.92,148.8
43.300,-87.29,-83.92,166.0
43.333,-87.29,-83.92,160.4
43.367,-87.29,-83.92,171.0
43.400,-87.29,-83.92,160.9
43.433,-87.29,-83.92,171.6
43.467,-87.29,-83.92,148.8
43.500,-87.29,-83.92,116.2
43.533,-87.29,-83.92,101.0
43.567,-87.29,-83.92,105.8
43.600,-87.29,-83.92,102.4
43.633,-87.29,-83.92,114.3
43.667,-87.29,-83.92,132.9
43.700,-87.29,-83.92,160.1
43.733,-87.29,-83.92,156.4
43.767,-87.29,-83.92,170.0
43.800,-87.29,-83.92,161.2
43.833,-87.29,-83.92,169.3
43.867,-87.29,-83.92,160.7
43.900,-87.29,-83.92,159.9
43.933,-87.29,-83.92,112.5
43.967,-87.29,-83.92,110.2
44.000,-87.29,-83.92,102.8
44.033,-87.29,-83.92,121.6
44.067,-87.29,-83.92,136.4
44.100,-87.29,-83.92,155.2
44.133,-87.29,-83.92,152.7
44.167,-87.29,-83.92,169.5
44.200,-87.29,-83.92,164.7
44.233,-87.29,-83.92,173.4
44.267,-87.29,-83.92,166.2
44.300,-87.29,-83.92,169.9
44.333,-87.29,-83.92,119.1
44.367,-87.29,-83.92,106.7
44.400,-87.29,-83.92,102.8
44.433,-87.29,-83.92,106.7
44.467,-87.29,-83.92,103.9
44.500,-87.29,-83.92,134.1
44.533,-87.29,-83.92,147.9
44.567,-87.29,-83.92,167.1
44.600,-87.29,-83.92,161.6
44.633,-87.29,-83.92,169.2
44.667,-87.29,-83.92,163.6
44.700,-87.29,-83.92,170.2
44.733,-87.29,-83.92,154.0
44.767,-87.29,-83.92,132.6
44.800,-87.29,-83.92,102.4
44.833,-87.29,-83.92,111.8
44.867,-87.29,-83.92,104.8
44.900,-87.29,-83.92,130.4
44.933,-87.29,-83.92,145.3
44.967,-87.29,-83.92,163.8
45.000,-87.29,-83.92,157.8
45.033,-87.29,-83.92,168.9
45.067,-87.29,-83.92,162.3
45.100,-87.29,-83.92,170.7
45.133,-87.29,-83.92,161.3
45.167,-87.29,-83.92,144.9
45.200,-87.29,-83.92,106.6
45.233,-87.29,-83.92,112.1
45.267,-87.29,-83.92,105.8
45.300,-87.29,-83.92,111.0
45.333,-87.29,-83.92,118.2
45.367,-87.29,-83.92,156.0
45.400,-87.29,-83.92,155.4
45.433,-87.29,-83.92,167.4
45.467,-87.29,-83.92,158.3
45.500,-87.29,-83.92,168.5
45.533,-87.29,-83.92,159.4
45.567,-87.29,-83.92,168.7
45.600,-87.29,-83.92,133.5
45.633,-87.29,-83.92,112.6
45.667,-87.29,-83.92,104.9
45.700,-87.29,-83.92,109.0
45.733,-87.29,-83.92,121.5
45.767,-87.29,-83.92,155.6
45.800,-87.29,-83.92,152.5
45.833,-87.29,-83.92,166.4
45.867,-87.29,-83.92,161.7
45.900,-87.29,-83.92,171.9
45.933,-87.29,-83.92,164.0
45.967,-87.29,-83.92,170.0
46.000,-87.29,-83.92,148.8
46.033,-87.29,-83.92,111.9
46.067,-87.29,-83.92,103.0
46.100,-87.29,-83.92,112.3
46.133,-87.29,-83.92,102.8
46.167,-87.29,-83.92,118.0
46.200,-87.29,-83.92,141.1
46.233,-87.29,-83.92,161.4
46.267,-87.29,-83.92,158.2
46.300,-87.29,-83.92,173.0
46.333,-87.29,-83.92,164.5
46.367,-87.29,-83.92,170.8
46.400,-87.29,-83.92,161.8
46.433,-87.29,-83.92,156.0
46.467,-87.29,-83.92,108.7
46.500,-87.29,-83.92,108.6
46.533,-87.29,-83.92,105.4
46.567,-87.29,-83.92,118.1
46.600,-87.29,-83.92,139.1
46.633,-87.29,-83.92,157.6
46.667,-87.29,-83.92,155.2
46.700,-87.29,-83.92,168.7
46.733,-87.29,-83.92,164.6
46.767,-87.29,-83.92,170.0
46.800,-87.29,-83.92,165.4
46.833,-87.29,-83.92,167.8
46.867,-87.29,-83.92,124.5
46.900,-87.29,-83.92,110.3
46.933,-87.29,-83.92,103.9
46.967,-87.29,-83.92,108.2
47.000,-87.29,-83.92,103.8
47.033,-87.29,-83.92,132.9
47.067,-87.29,-83.92,149.4
47.100,-87.29,-83.92,165.8
47.133,-87.29,-83.92,164.8
47.167,-87.29,-83.92,169.8
47.200,-87.29,-83.92,162.4
47.233,-87.29,-83.92,169.0
47.267,-87.29,-83.92,161.1
47.300,-87.29,-83.92,142.4
47.333,-87.29,-83.92,105.1
47.367,-87.29,-83.92,106.0
47.400,-87.29,-83.92,104.8
47.433,-87.29,-83.92,125.8
47.467,-87.29,-83.92,144.2
47.500,-87.29,-83.92,163.5
47.533,-87.29,-83.92,163.4
47.567,-87.29,-83.92,169.7
47.600,-87.29,-83.92,165.0
47.633,-87.29,-83.92,172.5
47.667,-87.29,-83.92,164.7
47.700,-87.29,-83.92,161.7
47.733,-87.29,-83.92,108.6
47.767,-87.29,-83.92,105.9
47.800,-87.29,-83.92,102.3
47.833,-87.29,-83.92,106.7
47.867,-87.29,-83.92,107.8
47.900,-87.29,-83.92,141.0
47.933,-87.29,-83.92,151.5
47.967,-87.29,-83.92,166.2
48.000,-87.29,-83.92,163.0
48.033,-87.29,-83.92,169.0
48.067,-87.29,-83.92,163.1
48.100,-87.29,-83.92,170.1
48.133,-87.29,-83.92,157.2
48.167,-87.29,-83.92,123.6
48.200,-87.29,-83.92,99.3
48.233,-87.29,-83.92,103.2
48.267,-87.29,-83.92,101.4
48.300,-87.29,-83.92,133.2
48.333,-87.29,-83.92,146.5
48.367,-87.29,-83.92,159.7
48.400,-87.29,-83.92,162.0
48.433,-87.29,-83.92,171.4
48.467,-87.29,-83.92,167.5
48.500,-87.29,-83.92,172.0
48.533,-87.29,-83.92,163.0
48.567,-87.29,-83.92,136.1
48.600,-87.29,-83.92,97.6
48.633,-87.29,-83.92,98.7
48.667,-87.29,-83.92,97.8
48.700,-87.29,-83.92,98.9
48.733,-87.29,-83.92,114.3
48.767,-87.29,-83.92,150.3
48.800,-87.29,-83.92,153.7
48.833,-87.29,-83.92,170.0
48.867,-87.29,-83.92,163.8
48.900,-87.29,-83.92,169.0
48.933,-87.29,-83.92,163.8
48.967,-87.29,-83.92,166.0
49.000,-87.29,-83.92,133.8
49.033,-87.29,-83.92,101.2
49.067,-87.29,-83.92,96.4
49.100,-87.29,-83.92,98.5
49.133,-87.29,-83.92,114.1
49.167,-87.29,-83.92,147.5
49.200,-87.29,-83.92,151.3
49.233,-87.29,-83.92,164.9
49.267,-87.29,-83.92,160.8
49.300,-87.29,-83.92,172.6
49.333,-87.29,-83.92,168.5
49.367,-87.29,-83.92,173.1
49.400,-87.29,-83.92,155.9
49.433,-87.29,-83.92,109.5
49.467,-87.29,-83.92,96.8
49.500,-87.29,-83.92,99.8
49.533,-87.29,-83.92,97.1
49.567,-87.29,-83.92,103.5
49.600,-87.29,-83.92,127.8
49.633,-87.29,-83.92,156.9
49.667,-87.29,-83.92,157.8
49.700,-87.29,-83.92,163.7
49.733,-87.29,-83.92,163.3
49.767,-87.29,-83.92,171.8
49.800,-87.29,-83.92,162.3
49.833,-87.29,-83.92,164.0
49.867,-87.29,-83.92,114.7
49.900,-87.29,-83.92,99.5
49.933,-87.29,-83.92,98.1
49.967,-87.29,-83.92,99.3
50.000,-87.29,-83.92,124.7
50.033,-87.29,-83.92,153.5
50.067,-87.29,-83.92,155.1
50.100,-87.29,-83.92,168.6
50.133,-87.29,-83.92,166.8
50.167,-87.29,-83.92,171.0
50.200,-87.29,-83.92,167.7
50.233,-87.29,-83.92,169.4
50.267,-87.29,-83.92,137.5
50.300,-87.29,-83.92,101.5
50.333,-87.29,-83.92,98.3
50.367,-87.29,-83.92,100.3
50.400,-87.29,-83.92,99.1
50.433,-87.29,-83.92,115.2
50.467,-87.29,-83.92,142.1
50.500,-87.29,-83.92,159.0
50.533,-87.29,-83.92,163.8
50.567,-87.29,-83.92,172.3
50.600,-87.29,-83.92,167.6
50.633,-87.29,-83.92,170.6
50.667,-87.29,-83.92,164.7
50.700,-87.29,-83.92,149.1
50.733,-87.29,-83.92,105.0
50.767,-87.29,-83.92,103.5
50.800,-87.29,-83.92,102.0
50.833,-87.29,-83.92,116.1
50.867,-87.29,-83.92,138.5
50.900,-87.29,-83.92,158.4
50.933,-87.29,-83.92,162.1
50.967,-87.29,-83.92,170.1
51.000,-87.29,-83.92,166.2
51.033,-87.29,-83.92,169.3
51.067,-87.29,-83.92,166.9
51.100,-87.29,-83.92,165.4
51.133,-87.29,-83.92,115.9
51.167,-87.29,-83.92,102.5
51.200,-87.29,-83.92,101.8
51.233,-87.29,-83.92,100.9
51.267,-87.29,-83.92,101.8
51.300,-87.29,-83.92,129.1
51.333,-87.29,-83.92,148.7
51.367,-87.29,-83.92,163.9
51.400,-87.29,-83.92,167.2
51.433,-87.29,-83.92,171.6
51.467,-87.29,-83.92,168.6
51.500,-87.29,-83.92,171.6
51.533,-87.29,-83.92,161.1
51.567,-87.29,-83.92,129.7
51.600,-87.29,-83.92,100.6
51.633,-87.29,-83.92,102.0
51.667,-87.29,-83.92,102.1
51.700,-87.29,-83.92,128.3
51.733,-87.29,-83.92,150.3
51.767,-87.29,-83.92,165.3
51.800,-87.29,-83.92,166.6
51.833,-87.29,-83.92,170.5
51.867,-87.29,-83.92,167.7
51.900,-87.29,-83.92,170.1
51.933,-87.29,-83.92,168.7
51.967,-87.29,-83.92,151.6
52.000,-87.29,-83.92,102.9
52.033,-87.29,-83.92,103.9
52.067,-87.29,-83.92,101.8
52.100,-87.29,-83.92,102.2
52.133,-87.29,-83.92,112.5
52.167,-87.29,-83.92,145.5
52.200,-87.29,-83.92,156.9
52.233,-87.29,-83.92,169.2
52.267,-87.29,-83.92,167.4
52.300,-87.29,-83.92,171.2
52.333,-87.29,-83.92,169.5
52.367,-87.29,-83.92,169.6
52.400,-87.29,-83.92,148.5
52.433,-87.29,-83.92,107.2
52.467,-87.29,-83.92,97.4
52.500,-87.29,-83.92,98.4
52.533,-87.29,-83.92,102.8
52.567,-87.29,-83.92,137.7
52.600,-87.29,-83.92,153.3
52.633,-87.29,-83.92,160.6
52.667,-87.29,-83.92,162.2
52.700,-87.29,-83.92,172.0
52.733,-89.58,-105.5,197.0
52.767,-89.58,-105.5,197.8
52.800,-89.58,-105.5,191.8
52.833,-89.58,-105.5,144.4
52.867,-89.58,-105.5,87.0
52.900,-89.58,-105.5,87.4
52.933,-89.58,-105.5,85.6
52.967,-89.58,-105.5,91.9
53.000,-89.58,-105.5,130.8
53.033,-89.58,-105.5,169.4
53.067,-89.58,-105.5,183.2
53.100,-89.58,-105.5,194.4
53.133,-89.58,-105.5,196.9
53.167,-89.58,-105.5,198.1
53.200,-89.58,-105.5,195.3
53.233,-89.58,-105.5,191.0
53.267,-89.58,-105.5,149.4
53.300,-89.58,-105.5,90.6
53.333,-89.58,-105.5,87.6
53.367,-89.58,-105.5,90.2
53.400,-89.58,-105.5,117.5
53.433,-89.58,-105.5,158.5
53.467,-89.58,-105.5,178.8
53.500,-89.58,-105.5,190.5
53.533,-89.58,-105.5,194.8
53.567,-89.58,-105.5,198.4
53.600,-89.58,-105.5,197.1
53.633,-89.58,-105.5,195.4
53.667,-89.58,-105.5,177.7
53.700,-89.58,-105.5,104.6
53.733,-89.58,-105.5,90.3
53.767,-89.58,-105.5,91.8
53.800,-89.58,-105.5,88.8
53.833,-89.58,-105.5,104.2
53.867,-89.58,-105.5,152.1
53.900,-89.58,-105.5,178.3
53.933,-89.58,-105.5,189.2
53.967,-89.58,-105.5,195.7
54.000,-89.58,-105.5,198.2
54.033,-89.58,-105.5,199.2
54.067,-89.58,-105.5,193.2
54.100,-89.58,-105.5,181.4
54.133,-89.58,-105.5,111.3
54.167,-89.58,-105.5,89.3
54.200,-89.58,-105.5,88.3
54.233,-89.58,-105.5,95.5
54.267,-89.58,-105.5,139.0
54.300,-89.58,-105.5,167.0
54.333,-89.58,-105.5,182.3
54.367,-89.58,-105.5,192.8
54.400,-89.58,-105.5,195.4
54.433,-89.58,-105.5,198.4
54.467,-89.58,-105.5,196.7
54.500,-89.58,-105.5,193.1
54.533,-89.58,-105.5,142.4
54.567,-89.58,-105.5,89.0
54.600,-89.58,-105.5,87.3
54.633,-89.58,-105.5,87.5
54.667,-89.58,-105.5,90.7
54.700,-89.58,-105.5,129.2
54.733,-89.58,-105.5,172.7
54.767,-89.58,-105.5,187.3
54.800,-89.58,-105.5,194.1
54.833,-89.58,-105.5,199.5
54.867,-89.58,-105.5,199.1
54.900,-89.58,-105.5,196.1
54.933,-89.58,-105.5,191.8
54.967,-89.58,-105.5,155.5
55.000,-89.58,-105.5,90.7
55.033,-89.58,-105.5,86.3
55.067,-89.58,-105.5,89.3
55.100,-89.58,-105.5,117.0
55.133,-89.58,-105.5,158.5
55.167,-89.58,-105.5,176.1
55.200,-89.58,-105.5,188.7
55.233,-89.58,-105.5,195.9
55.267,-89.58,-105.5,198.0
55.300,-89.58,-105.5,197.0
55.333,-89.58,-105.5,194.6
55.367,-89.58,-105.5,180.6
55.400,-89.58,-105.5,102.4
55.433,-89.58,-105.5,87.2
55.467,-89.58,-105.5,87.2
55.500,-89.58,-105.5,87.6
55.533,-89.58,-105.5,106.5
55.567,-89.58,-105.5,148.1
55.600,-89.58,-105.5,175.7
55.633,-89.58,-105.5,188.3
55.667,-89.58,-105.5,194.1
55.700,-89.58,-105.5,198.2
55.733,-89.58,-105.5,198.9
55.767,-89.58,-105.5,196.6
55.800,-89.58,-105.5,184.0
55.833,-89.58,-105.5,119.5
55.867,-89.58,-105.5,88.3
55.900,-89.58,-105.5,86.2
55.933,-89.58,-105.5,99.1
55.967,-89.58,-105.5,140.8
56.000,-89.58,-105.5,170.2
56.033,-89.58,-105.5,185.4
56.067,-89.58,-105.5,194.5
56.100,-89.58,-105.5,196.6
56.133,-89.58,-105.5,198.2
56.167,-89.58,-105.5,194.7
56.200,-89.58,-105.5,192.1
56.233,-89.58,-105.5,140.7
56.267,-89.58,-105.5,87.6
56.300,-89.58,-105.5,86.7
56.333,-89.58,-105.5,86.5
56.367,-89.58,-105.5,90.6
56.400,-89.58,-105.5,134.8
56.433,-89.58,-105.5,168.8
56.467,-89.58,-105.5,185.1
56.500,-89.58,-105.5,192.9
56.533,-89.58,-105.5,197.1
56.567,-89.58,-105.5,197.0
56.600,-89.58,-105.5,196.9
56.633,-89.58,-105.5,189.9
56.667,-89.58,-105.5,139.2
56.700,-89.58,-105.5,86.2
56.733,-89.58,-105.5,88.0
56.767,-89.58,-105.5,88.7
56.800,-89.58,-105.5,127.0
56.833,-89.58,-105.5,158.2
56.867,-89.58,-105.5,181.7
56.900,-89.58,-105.5,189.9
56.933,-89.58,-105.5,196.5
56.967,-89.58,-105.5,196.9
57.000,-89.58,-105.5,196.9
57.033,-89.58,-105.5,191.0
57.067,-89.58,-105.5,151.4
57.100,-89.58,-105.5,88.4
57.133,-89.58,-105.5,90.8
57.167,-89.58,-105.5,90.5
57.200,-89.58,-105.5,92.4
57.233,-89.58,-105.5,120.6
57.267,-89.58,-105.5,168.2
57.300,-89.58,-105.5,182.7
57.333,-89.58,-105.5,193.4
57.367,-89.58,-105.5,194.9
57.400,-89.58,-105.5,198.3
57.433,-89.58,-105.5,196.0
57.467,-89.58,-105.5,193.2
57.500,-89.58,-105.5,152.6
57.533,-89.58,-105.5,90.1
57.567,-89.58,-105.5,86.7
57.600,-89.58,-105.5,89.3
57.633,-89.58,-105.5,113.5
57.667,-89.58,-105.5,157.1
57.700,-89.58,-105.5,175.5
57.733,-89.58,-105.5,189.4
57.767,-89.58,-105.5,194.0
57.800,-89.58,-105.5,198.4
57.833,-89.58,-105.5,197.3
57.867,-89.58,-105.5,194.7
57.900,-89.58,-105.5,173.6
57.933,-89.58,-105.5,97.4
57.967,-89.58,-105.5,85.2
58.000,-89.58,-105.5,87.3
58.033,-89.58,-105.5,86.8
58.067,-89.58,-105.5,114.7
58.100,-89.58,-105.5,157.4
58.133,-89.58,-105.5,183.7
58.167,-89.58,-105.5,193.2
58.200,-89.58,-105.5,199.4
58.233,-89.58,-105.5,198.6
58.267,-89.58,-105.5,199.5
58.300,-89.58,-105.5,192.6
58.333,-89.58,-105.5,167.3
58.367,-89.58,-105.5,96.2
58.400,-89.58,-105.5,88.7
58.433,-89.58,-105.5,85.9
58.467,-89.58,-105.5,110.8
58.500,-89.58,-105.5,149.7
58.533,-89.58,-105.5,175.6
58.567,-89.58,-105.5,185.6
58.600,-89.58,-105.5,195.4
58.633,-89.58,-105.5,196.1
58.667,-89.58,-105.5,199.8
58.700,-89.58,-105.5,193.6
58.733,-89.58,-105.5,182.1
58.767,-89.58,-105.5,104.5
58.800,-89.58,-105.5,88.4
58.833,-89.58,-105.5,85.5
58.867,-89.58,-105.5,89.6
58.900,-89.58,-105.5,103.7
58.933,-89.58,-105.5,153.3
58.967,-89.58,-105.5,177.6
59.000,-89.58,-105.5,192.6
59.033,-89.58,-105.5,196.2
59.067,-89.58,-105.5,200.6
59.100,-89.58,-105.5,196.7
59.133,-89.58,-105.5,196.0
59.167,-89.58,-105.5,180.6
59.200,-89.58,-105.5,114.9
59.233,-89.58,-105.5,85.7
59.267,-89.58,-105.5,88.8
59.300,-89.58,-105.5,95.9
59.333,-89.58,-105.5,144.7
59.367,-89.58,-105.5,165.8
59.400,-89.58,-105.5,187.0
59.433,-89.58,-105.5,192.2
59.467,-89.58,-105.5,199.0
59.500,-89.58,-105.5,195.1
59.533,-89.58,-105.5,196.9
59.567,-89.58,-105.5,188.7
59.600,-89.58,-105.5,134.0
59.633,-89.58,-105.5,85.7
59.667,-89.58,-105.5,89.4
59.700,-89.58,-105.5,85.4
59.733,-89.58,-105.5,94.5
59.767,-89.58,-105.5,132.5
59.800,-89.58,-105.5,178.6
59.833,-89.58,-105.5,186.1
59.867,-89.58,-105.5,198.0
59.900,-89.58,-105.5,196.2
59.933,-89.58,-105.5,200.0
59.967,-89.58,-105.5,194.1
60.000,-89.58,-105.5,189.8
60.033,-89.58,-105.5,139.4
60.067,-89.58,-105.5,89.5
60.100,-89.58,-105.5,84.6
60.133,-89.58,-105.5,91.6
60.167,-89.58,-105.5,123.3
60.200,-89.58,-105.5,166.2
60.233,-89.58,-105.5,179.1
60.267,-89.58,-105.5,193.5
60.300,-89.58,-105.5,195.0
60.333,-89.58,-105.5,199.6
60.367,-89.58,-105.5,196.2
60.400,-89.58,-105.5,196.6
60.433,-89.58,-105.5,156.5
60.467,-89.58,-105.5,90.9
60.500,-89.58,-105.5,83.9
60.533,-89.58,-105.5,90.0
60.567,-89.58,-105.5,87.9
60.600,-89.58,-105.5,127.7
60.633,-89.58,-105.5,162.9
60.667,-89.58,-105.5,184.8
60.700,-89.58,-105.5,192.6
60.733,-89.58,-105.5,200.3
60.767,-89.58,-105.5,196.8
60.800,-89.58,-105.5,199.1
60.833,-89.58,-105.5,190.2
60.867,-89.58,-105.5,167.4
60.900,-89.58,-105.5,94.4
60.933,-89.58,-105.5,89.0
60.967,-89.58,-105.5,86.2
61.000,-89.58,-105.5,113.6
61.033,-89.58,-105.5,149.5
61.067,-89.58,-105.5,176.3
61.100,-89.58,-105.5,185.1
61.133,-89.58,-105.5,197.5
61.167,-89.58,-105.5,196.7
61.200,-89.58,-105.5,200.0
61.233,-89.58,-105.5,194.0
61.267,-89.58,-105.5,188.5
61.300,-89.58,-105.5,111.0
61.333,-89.58,-105.5,86.9
61.367,-89.58,-105.5,84.7
61.400,-89.58,-105.5,88.9
61.433,-89.58,-105.5,100.1
61.467,-89.58,-105.5,158.7
61.500,-89.58,-105.5,177.7
61.533,-89.58,-105.5,193.4
61.567,-89.58,-105.5,194.0
61.600,-89.58,-105.5,199.9
61.633,-89.58,-105.5,194.6
61.667,-89.58,-105.5,198.1
61.700,-89.58,-105.5,179.8
61.733,-89.58,-105.5,113.1
61.767,-89.58,-105.5,83.7
61.800,-89.58,-105.5,88.2
61.833,-89.58,-105.5,95.8
61.867,-89.58,-105.5,148.4
61.900,-89.58,-105.5,168.4
61.933,-89.58,-105.5,187.6
61.967,-89.58,-105.5,190.0
62.000,-89.58,-105.5,199.3
62.033,-89.58,-105.5,194.0
62.067,-89.58,-105.5,198.8
62.100,-89.58,-105.5,186.9
62.133,-89.58,-105.5,128.1
62.167,-89.58,-105.5,83.9
62.200,-89.58,-105.5,88.9
62.233,-89.58,-105.5,85.0
62.267,-89.58,-105.5,98.8
62.300,-89.58,-105.5,132.4
62.333,-89.58,-105.5,174.7
62.367,-89.58,-105.5,182.2
62.400,-89.58,-105.5,196.1
62.433,-89.58,-105.5,194.2
62.467,-89.58,-105.5,199.8
62.500,-89.58,-105.5,191.8
62.533,-89.58,-105.5,190.3
62.567,-89.58,-105.5,132.1
62.600,-89.58,-105.5,90.5
62.633,-89.58,-105.5,83.7
62.667,-89.58,-105.5,94.2
62.700,-89.58,-105.5,125.2
62.733,-89.58,-105.5,167.6
62.767,-89.58,-105.5,175.9
62.800,-89.58,-105.5,192.4
62.833,-89.58,-105.5,191.8
62.867,-89.58,-105.5,199.2
62.900,-89.58,-105.5,193.3
62.933,-89.58,-105.5,195.3
62.967,-89.58,-105.5,158.6
63.000,-89.58,-105.5,94.7
63.033,-89.58,-105.5,83.6
63.067,-89.58,-105.5,90.5
63.100,-89.58,-105.5,86.1
63.133,-89.58,-105.5,123.8
63.167,-89.58,-105.5,158.9
63.200,-89.58,-105.5,184.1
63.233,-89.58,-105.5,188.8
63.267,-89.58,-105.5,198.2
63.300,-89.58,-105.5,194.7
63.333,-89.58,-105.5,198.9
63.367,-89.58,-105.5,188.2
63.400,-89.58,-105.5,170.3
63.433,-89.58,-105.5,93.1
63.467,-89.58,-105.5,89.5
63.500,-89.58,-105.5,83.4
63.533,-89.58,-105.5,109.6
63.567,-89.58,-105.5,142.1
63.600,-89.58,-105.5,174.7
63.633,-89.58,-105.5,182.2
63.667,-89.58,-105.5,198.0
63.700,-89.58,-105.5,194.4
63.733,-89.58,-105.5,199.7
63.767,-89.58,-105.5,190.7
63.800,-89.58,-105.5,189.5
63.833,-89.58,-105.5,117.8
63.867,-89.58,-105.5,86.9
63.900,-89.58,-105.5,82.6
63.933,-89.58,-105.5,89.1
63.967,-89.58,-105.5,88.3
64.000,-89.58,-105.5,139.9
64.033,-89.58,-105.5,164.6
64.067,-89.58,-105.5,188.1
64.100,-89.58,-105.5,188.4
64.133,-89.58,-105.5,199.5
64.167,-89.58,-105.5,194.1
64.200,-89.58,-105.5,198.0
64.233,-89.58,-105.5,184.0
64.267,-89.58,-105.5,144.3
64.300,-89.58,-105.5,83.8
64.333,-89.58,-105.5,89.5
64.367,-89.58,-105.5,84.8
64.400,-89.58,-105.5,126.0
64.433,-89.58,-105.5,154.7
64.467,-89.58,-105.5,181.1
64.500,-89.58,-105.5,185.5
64.533,-89.58,-105.5,198.9
64.567,-89.58,-105.5,195.1
64.600,-89.58,-105.5,200.0
64.633,-89.58,-105.5,189.6
64.667,-89.58,-105.5,171.9
64.700,-89.58,-105.5,88.1
64.733,-89.58,-105.5,88.7
64.767,-89.58,-105.5,82.5
64.800,-89.58,-105.5,89.4
64.833,-89.58,-105.5,107.5
64.867,-89.58,-105.5,162.1
64.900,-89.58,-105.5,177.9
64.933,-89.58,-105.5,195.4
64.967,-89.58,-105.5,192.0
65.000,-89.58,-105.5,200.6
65.033,-89.58,-105.5,191.6
65.067,-89.58,-105.5,194.8
65.100,-89.58,-105.5,165.6
65.133,-89.58,-105.5,101.2
65.167,-89.58,-105.5,82.2
65.200,-89.58,-105.5,87.0
65.233,-89.58,-105.5,94.5
65.267,-89.58,-105.5,146.2
65.300,-89.58,-105.5,164.1
65.333,-89.58,-105.5,188.4
65.367,-89.58,-105.5,189.4
65.400,-89.58,-105.5,198.3
65.433,-89.58,-105.5,192.3
65.467,-89.58,-105.5,197.6
65.500,-89.58,-105.5,183.9
65.533,-89.58,-105.5,136.5
65.567,-89.58,-105.5,82.3
65.600,-89.58,-105.5,87.1
65.633,-89.58,-105.5,82.0
65.667,-89.58,-105.5,95.0
65.700,-89.58,-105.5,123.4
65.733,-89.58,-105.5,174.5
65.767,-89.58,-105.5,179.6
65.800,-89.58,-105.5,197.1
65.833,-89.58,-105.5,193.9
65.867,-89.58,-105.5,199.3
65.900,-89.58,-105.5,190.6
65.933,-89.58,-105.5,192.4
65.967,-89.58,-105.5,149.9
66.000,-89.58,-105.5,94.8
66.033,-89.58,-105.5,83.7
66.067,-89.58,-105.5,91.9
66.100,-89.58,-105.5,105.9
66.133,-89.58,-105.5,159.0
66.167,-89.58,-105.5,168.4
66.200,-89.58,-105.5,189.5
66.233,-89.58,-105.5,187.8
66.267,-89.58,-105.5,199.2
66.300,-89.58,-105.5,192.3
66.333,-89.58,-105.5,196.9
66.367,-89.58,-105.5,180.3
66.400,-89.58,-105.5,116.4
66.433,-89.58,-105.5,82.5
66.467,-89.58,-105.5,89.8
66.500,-89.58,-105.5,82.6
66.533,-89.58,-105.5,99.2
66.567,-89.58,-105.5,130.6
66.600,-89.58,-105.5,173.9
66.633,-89.58,-105.5,179.0
66.667,-89.58,-105.5,195.1
66.700,-89.58,-105.5,192.4
66.733,-89.58,-105.5,199.3
66.767,-89.58,-105.5,190.6
66.800,-89.58,-105.5,190.5
66.833,-89.58,-105.5,136.2
66.867,-89.58,-105.5,90.3
66.900,-89.58,-105.5,81.8
66.933,-89.58,-105.5,90.9
66.967,-89.58,-105.5,110.0
67.000,-89.58,-105.5,159.4
67.033,-89.58,-105.5,168.6
67.067,-89.58,-105.5,189.6
67.100,-89.58,-105.5,188.6
67.133,-89.58,-105.5,199.3
67.167,-89.58,-105.5,191.4
67.200,-89.58,-105.5,195.5
67.233,-89.58,-105.5,171.0
67.267,-89.58,-105.5,102.3
67.300,-89.58,-105.5,82.6
67.333,-89.58,-105.5,88.9
67.367,-89.58,-105.5,82.7
67.400,-89.58,-105.5,108.8
67.433,-89.58,-105.5,144.4
67.467,-89.58,-105.5,181.5
67.500,-89.58,-105.5,183.5
67.533,-89.58,-105.5,198.3
67.567,-89.58,-105.5,193.1
67.600,-89.58,-105.5,199.1
67.633,-89.58,-105.5,186.7
67.667,-89.58,-105.5,183.3
67.700,-89.58,-105.5,109.4
67.733,-89.58,-105.5,89.8
67.767,-89.58,-105.5,81.6
67.800,-89.58,-105.5,81.6
67.833,-89.58,-105.5,99.2
67.867,-89.58,-105.5,132.4
67.900,-89.58,-105.5,171.0
67.933,-89.58,-105.5,174.5
67.967,-89.58,-105.5,193.3
68.000,-89.58,-105.5,188.7
68.033,-89.58,-105.5,198.2
68.067,-89.58,-105.5,187.8
68.100,-89.58,-105.5,191.0
68.133,-89.58,-105.5,133.8
68.167,-89.58,-105.5,88.8
68.200,-89.58,-105.5,82.3
68.233,-89.58,-105.5,89.4
68.267,-89.58,-105.5,88.1
68.300,-89.58,-105.5,136.0
68.333,-89.58,-105.5,165.1
68.367,-89.58,-105.5,187.6
68.400,-89.58,-105.5,187.4
68.433,-89.58,-105.5,199.6
68.467,-89.58,-105.5,193.8
68.500,-89.58,-105.5,199.5
68.533,-89.58,-105.5,184.9
68.567,-89.58,-105.5,152.5
68.600,-89.58,-105.5,83.7
68.633,-89.58,-105.5,87.4
68.667,-89.58,-105.5,83.9
68.700,-89.58,-105.5,123.7
68.733,-89.58,-105.5,151.8
68.767,-89.58,-105.5,181.6
68.800,-89.58,-105.5,184.7
68.833,-89.58,-105.5,197.8
68.867,-89.58,-105.5,191.0
68.900,-89.58,-105.5,199.4
68.933,-89.58,-105.5,188.5
68.967,-89.58,-105.5,181.2
69.000,-89.58,-105.5,94.3
69.033,-89.58,-105.5,88.9
69.067,-89.58,-105.5,82.0
69.100,-89.58,-105.5,89.7
69.133,-89.58,-105.5,98.7
69.167,-89.58,-105.5,153.9
69.200,-89.58,-105.5,166.7
69.233,-89.58,-105.5,190.9
69.267,-89.58,-105.5,187.2
69.300,-89.58,-105.5,198.8
69.333,-89.58,-105.5,191.4
69.367,-89.58,-105.5,197.6
69.400,-89.58,-105.5,176.2
69.433,-89.58,-105.5,119.1
69.467,-89.58,-105.5,80.4
69.500,-89.58,-105.5,89.4
69.533,-89.58,-105.5,89.3
69.567,-89.58,-105.5,138.5
69.600,-89.58,-105.5,156.6
69.633,-89.58,-105.5,184.6
69.667,-89.58,-105.5,185.2
69.700,-89.58,-105.5,198.5
69.733,-89.58,-105.5,189.9
69.767,-89.58,-105.5,198.2
69.800,-89.58,-105.5,183.6
69.833,-89.58,-105.5,144.8
69.867,-89.58,-105.5,82.6
69.900,-89.58,-105.5,87.6
69.933,-89.58,-105.5,80.9
69.967,-89.58,-105.5,93.5
70.000,-89.58,-105.5,121.6
70.033,-89.58,-105.5,174.2
70.067,-89.58,-105.5,178.5
70.100,-89.58,-105.5,197.0
70.133,-89.58,-105.5,192.1
70.167,-89.58,-105.5,199.4
70.200,-89.58,-105.5,191.1
70.233,-89.58,-105.5,193.4
70.267,-89.58,-105.5,149.1
70.300,-89.58,-105.5,93.8
70.333,-89.58,-105.5,80.9
70.367,-89.58,-105.5,89.3
70.400,-89.58,-105.5,106.9
70.433,-89.58,-105.5,157.9
70.467,-89.58,-105.5,167.2
70.500,-89.58,-105.5,189.5
70.533,-89.58,-105.5,187.4
70.567,-89.58,-105.5,198.3
70.600,-89.58,-105.5,191.5
70.633,-89.58,-105.5,197.0
70.667,-89.58,-105.5,171.9
70.700,-89.58,-105.5,105.4
70.733,-89.58,-105.5,82.2
70.767,-89.58,-105.5,88.0
70.800,-89.58,-105.5,82.5
70.833,-89.58,-105.5,103.5
70.867,-89.58,-105.5,139.2
70.900,-89.58,-105.5,177.7
70.933,-89.58,-105.5,181.1
70.967,-89.58,-105.5,197.0
71.000,-89.58,-105.5,191.3
71.033,-89.58,-105.5,199.6
