region_C
t,x,y,luma
0.000,124.9,-74.27,138.9
0.033,124.9,-74.27,135.8
0.067,124.9,-74.27,141.4
0.100,124.9,-74.27,137.6
0.133,124.9,-74.27,153.7
0.167,124.9,-74.27,151.0
0.200,124.9,-74.27,162.7
0.233,124.9,-74.27,161.0
0.267,124.9,-74.27,168.2
0.300,124.9,-74.27,146.6
0.333,124.9,-74.27,140.3
0.367,124.9,-74.27,137.1
0.400,124.9,-74.27,148.8
0.433,124.9,-74.27,141.9
0.467,124.9,-74.27,152.4
0.500,124.9,-74.27,146.1
0.533,124.9,-74.27,163.9
0.567,124.9,-74.27,162.1
0.600,124.9,-74.27,170.0
0.633,124.9,-74.27,159.9
0.667,124.9,-74.27,144.6
0.700,124.9,-74.27,125.7
0.733,124.9,-74.27,137.2
0.767,124.9,-74.27,131.2
0.800,124.9,-74.27,141.8
0.833,124.9,-74.27,137.9
0.867,124.9,-74.27,158.6
0.900,124.9,-74.27,153.6
0.933,124.9,-74.27,169.5
0.967,124.9,-74.27,163.4
1.000,124.9,-74.27,169.3
1.033,124.9,-74.27,142.8
1.067,124.9,-74.27,142.6
1.100,124.9,-74.27,131.1
1.133,124.9,-74.27,142.7
1.167,124.9,-74.27,132.5
1.200,124.9,-74.27,149.1
1.233,124.9,-74.27,147.5
1.267,124.9,-74.27,161.3
1.300,124.9,-74.27,160.0
1.333,124.9,-74.27,172.4
1.367,124.9,-74.27,159.3
1.400,124.9,-74.27,150.3
1.433,124.9,-74.27,119.3
1.467,124.9,-74.27,125.5
1.500,124.9,-74.27,120.1
1.533,124.9,-74.27,132.7
1.567,124.9,-74.27,132.2
1.600,124.9,-74.27,153.0
1.633,124.9,-74.27,144.3
1.667,124.9,-74.27,154.9
1.700,124.9,-74.27,149.7
1.733,124.9,-74.27,160.6
1.767,124.9,-74.27,143.0
1.800,124.9,-74.27,146.1
1.833,124.9,-74.27,131.8
1.867,124.9,-74.27,139.8
1.900,124.9,-74.27,130.7
1.933,124.9,-74.27,141.9
1.967,124.9,-74.27,150.0
2.000,124.9,-74.27,165.7
2.033,124.9,-74.27,158.5
2.067,124.9,-74.27,167.4
2.100,124.9,-74.27,155.9
2.133,124.9,-74.27,149.0
2.167,124.9,-74.27,125.5
2.200,124.9,-74.27,136.7
2.233,124.9,-74.27,130.4
2.267,124.9,-74.27,140.5
2.300,124.9,-74.27,135.9
2.333,124.9,-74.27,152.3
2.367,124.9,-74.27,146.5
2.400,124.9,-74.27,161.0
2.433,124.9,-74.27,155.1
2.467,124.9,-74.27,167.6
2.500,124.9,-74.27,136.1
2.533,124.9,-74.27,135.5
2.567,124.9,-74.27,125.0
2.600,124.9,-74.27,134.8
2.633,124.9,-74.27,129.8
2.667,124.9,-74.27,149.7
2.700,124.9,-74.27,139.8
2.733,124.9,-74.27,154.2
2.767,124.9,-74.27,147.8
2.800,124.9,-74.27,157.9
2.833,124.9,-74.27,150.6
2.867,124.9,-74.27,152.6
2.900,124.9,-74.27,134.5
2.933,124.9,-74.27,147.6
2.967,124.9,-74.27,141.5
3.000,124.9,-74.27,147.6
3.033,124.9,-74.27,138.0
3.067,124.9,-74.27,156.0
3.100,124.9,-74.27,149.7
3.133,124.9,-74.27,166.1
3.167,124.9,-74.27,157.9
3.200,124.9,-74.27,166.6
3.233,124.9,-74.27,166.7
3.267,124.9,-74.27,136.2
3.300,124.9,-74.27,136.3
3.333,124.9,-74.27,123.1
3.367,124.9,-74.27,130.0
3.400,124.9,-74.27,117.8
3.433,124.9,-74.27,144.1
3.467,124.9,-74.27,143.1
3.500,124.9,-74.27,158.5
3.533,124.9,-74.27,152.4
3.567,124.9,-74.27,166.4
3.600,124.9,-74.27,160.7
3.633,124.9,-74.27,157.9
3.667,124.9,-74.27,128.0
3.700,124.9,-74.27,134.8
3.733,124.9,-74.27,124.6
3.767,124.9,-74.27,138.6
3.800,124.9,-74.27,138.2
3.833,124.9,-74.27,158.9
3.867,124.9,-74.27,155.4
3.900,124.9,-74.27,174.7
3.933,124.9,-74.27,172.4
3.967,124.9,-74.27,177.7
4.000,124.9,-74.27,139.9
4.033,124.9,-74.27,135.2
4.067,124.9,-74.27,122.6
4.100,124.9,-74.27,131.5
4.133,124.9,-74.27,126.8
4.167,124.9,-74.27,150.2
4.200,124.9,-74.27,144.0
4.233,124.9,-74.27,160.5
4.267,124.9,-74.27,157.2
4.300,124.9,-74.27,171.9
4.333,124.9,-74.27,159.3
4.367,124.9,-74.27,156.3
4.400,124.9,-74.27,121.5
4.433,124.9,-74.27,129.4
4.467,124.9,-74.27,118.7
4.500,124.9,-74.27,135.5
4.533,124.9,-74.27,137.8
4.567,124.9,-74.27,163.1
4.600,124.9,-74.27,160.4
4.633,124.9,-74.27,178.4
4.667,124.9,-74.27,175.9
4.700,124.9,-74.27,180.6
4.733,124.9,-74.27,146.7
4.767,124.9,-74.27,139.4
4.800,124.9,-74.27,127.7
4.833,124.9,-74.27,139.4
4.867,124.9,-74.27,130.6
4.900,124.9,-74.27,147.4
4.933,124.9,-74.27,144.5
4.967,124.9,-74.27,160.8
5.000,124.9,-74.27,152.9
5.033,124.9,-74.27,165.1
5.067,124.9,-74.27,155.2
5.100,124.9,-74.27,154.6
5.133,124.9,-74.27,131.4
5.167,124.9,-74.27,142.1
5.200,124.9,-74.27,131.1
5.233,124.9,-74.27,146.8
5.267,124.9,-74.27,140.7
5.300,124.9,-74.27,155.7
5.333,124.9,-74.27,150.4
5.367,124.9,-74.27,163.9
5.400,124.9,-74.27,152.1
5.433,124.9,-74.27,164.1
5.467,124.9,-74.27,141.9
5.500,124.9,-74.27,143.4
5.533,124.9,-74.27,130.2
5.567,124.9,-74.27,136.6
5.600,124.9,-74.27,128.6
5.633,124.9,-74.27,145.1
5.667,124.9,-74.27,143.0
5.700,124.9,-74.27,158.1
5.733,124.9,-74.27,150.4
5.767,124.9,-74.27,166.8
5.800,124.9,-74.27,159.3
5.833,124.9,-74.27,166.2
5.867,124.9,-74.27,133.6
5.900,124.9,-74.27,138.8
5.933,124.9,-74.27,124.2
5.967,124.9,-74.27,136.9
6.000,124.9,-74.27,123.2
6.033,124.9,-74.27,152.6
6.067,124.9,-74.27,149.2
6.100,124.9,-74.27,164.7
6.133,124.9,-74.27,157.7
6.167,124.9,-74.27,173.5
6.200,124.9,-74.27,156.6
6.233,124.9,-74.27,149.5
6.267,124.9,-74.27,133.3
6.300,124.9,-74.27,137.7
6.333,124.9,-74.27,121.8
6.367,124.9,-74.27,134.4
6.400,124.9,-74.27,134.7
6.433,124.9,-74.27,157.1
6.467,124.9,-74.27,153.1
6.500,124.9,-74.27,167.0
6.533,124.9,-74.27,159.3
6.567,124.9,-74.27,166.7
6.600,124.9,-74.27,134.6
6.633,124.9,-74.27,136.9
6.667,124.9,-74.27,123.3
6.700,124.9,-74.27,140.0
6.733,124.9,-74.27,130.4
6.767,124.9,-74.27,148.8
6.800,124.9,-74.27,149.8
6.833,124.9,-74.27,168.3
6.867,124.9,-74.27,163.2
6.900,124.9,-74.27,177.7
6.933,124.9,-74.27,156.4
6.967,124.9,-74.27,146.8
7.000,124.9,-74.27,134.5
7.033,124.9,-74.27,143.1
7.067,124.9,-74.27,131.0
7.100,124.9,-74.27,146.7
7.133,124.9,-74.27,144.7
7.167,124.9,-74.27,163.8
7.200,124.9,-74.27,159.8
7.233,124.9,-74.27,174.8
7.267,124.9,-74.27,165.6
7.300,124.9,-74.27,157.8
7.333,124.9,-74.27,126.7
7.367,124.9,-74.27,134.6
7.400,124.9,-74.27,127.1
7.433,124.9,-74.27,141.9
7.467,124.9,-74.27,135.0
7.500,124.9,-74.27,161.5
7.533,124.9,-74.27,160.5
7.567,124.9,-74.27,175.3
7.600,124.9,-74.27,168.2
7.633,124.9,-74.27,179.1
7.667,124.9,-74.27,132.8
7.700,124.9,-74.27,134.1
7.733,124.9,-74.27,124.6
7.767,124.9,-74.27,142.5
7.800,124.9,-74.27,130.5
7.833,124.9,-74.27,147.1
7.867,124.9,-74.27,140.1
7.900,124.9,-74.27,157.9
7.933,124.9,-74.27,156.6
7.967,124.9,-74.27,173.2
8.000,124.9,-74.27,160.4
8.033,124.9,-74.27,154.7
8.067,124.9,-74.27,131.5
8.100,124.9,-74.27,135.6
8.133,124.9,-74.27,118.0
8.167,124.9,-74.27,133.8
8.200,124.9,-74.27,139.0
8.233,124.9,-74.27,162.0
8.267,124.9,-74.27,155.7
8.300,124.9,-74.27,173.6
8.333,124.9,-74.27,169.8
8.367,124.9,-74.27,169.7
8.400,124.9,-74.27,125.2
8.433,124.9,-74.27,133.3
8.467,124.9,-74.27,124.2
8.500,124.9,-74.27,135.8
8.533,124.9,-74.27,127.7
8.567,124.9,-74.27,153.2
8.600,124.9,-74.27,145.7
8.633,124.9,-74.27,163.6
8.667,124.9,-74.27,157.2
8.700,124.9,-74.27,169.3
8.733,124.9,-74.27,154.7
8.767,124.9,-74.27,146.2
8.800,124.9,-74.27,131.7
8.833,124.9,-74.27,148.8
8.867,124.9,-74.27,133.6
8.900,124.9,-74.27,149.4
8.933,124.9,-74.27,144.4
8.967,124.9,-74.27,158.8
9.000,124.9,-74.27,154.3
9.033,124.9,-74.27,173.3
9.067,124.9,-74.27,162.5
9.100,124.9,-74.27,165.3
9.133,124.9,-74.27,130.7
9.167,124.9,-74.27,138.3
9.200,124.9,-74.27,115.9
9.233,124.9,-74.27,119.3
9.267,124.9,-74.27,115.7
9.300,124.9,-74.27,148.5
9.333,124.9,-74.27,150.9
9.367,124.9,-74.27,163.5
9.400,124.9,-74.27,158.0
9.433,124.9,-74.27,171.3
9.467,124.9,-74.27,159.0
9.500,124.9,-74.27,147.0
9.533,124.9,-74.27,118.4
9.567,124.9,-74.27,133.0
9.600,124.9,-74.27,124.8
9.633,124.9,-74.27,138.9
9.667,124.9,-74.27,141.4
9.700,124.9,-74.27,160.8
9.733,124.9,-74.27,154.5
9.767,124.9,-74.27,168.7
9.800,124.9,-74.27,163.7
9.833,124.9,-74.27,168.1
9.867,124.9,-74.27,131.4
9.900,124.9,-74.27,132.1
9.933,124.9,-74.27,113.8
9.967,124.9,-74.27,125.8
10.000,124.9,-74.27,116.7
10.033,124.9,-74.27,148.9
10.067,124.9,-74.27,151.3
10.100,124.9,-74.27,165.3
10.133,124.9,-74.27,157.1
10.167,124.9,-74.27,173.0
10.200,124.9,-74.27,160.9
10.233,124.9,-74.27,149.6
10.267,124.9,-74.27,131.5
10.300,124.9,-74.27,137.7
10.333,124.9,-74.27,129.8
10.367,124.9,-74.27,145.2
10.400,124.9,-74.27,141.7
10.433,124.9,-74.27,160.8
10.467,124.9,-74.27,157.0
10.500,124.9,-74.27,171.2
10.533,124.9,-74.27,159.2
10.567,124.9,-74.27,163.3
10.600,124.9,-74.27,135.5
10.633,124.9,-74.27,143.8
10.667,124.9,-74.27,128.0
10.700,124.9,-74.27,135.2
10.733,124.9,-74.27,128.0
10.767,124.9,-74.27,148.7
10.800,124.9,-74.27,147.8
10.833,124.9,-74.27,161.9
10.867,124.9,-74.27,154.5
10.900,124.9,-74.27,165.7
10.933,124.9,-74.27,149.0
10.967,124.9,-74.27,145.6
11.000,124.9,-74.27,132.2
11.033,124.9,-74.27,143.0
11.067,124.9,-74.27,135.8
11.100,124.9,-74.27,147.6
11.133,124.9,-74.27,139.6
11.167,124.9,-74.27,153.7
11.200,124.9,-74.27,149.0
11.233,124.9,-74.27,165.3
11.267,124.9,-74.27,157.0
11.300,124.9,-74.27,160.9
11.333,124.9,-74.27,136.8
11.367,124.9,-74.27,148.3
11.400,124.9,-74.27,135.2
11.433,124.9,-74.27,145.5
11.467,124.9,-74.27,137.6
11.500,124.9,-74.27,155.0
11.533,124.9,-74.27,150.3
11.567,124.9,-74.27,166.0
11.600,124.9,-74.27,158.8
11.633,124.9,-74.27,168.3
11.667,124.9,-74.27,149.6
11.700,124.9,-74.27,150.1
11.733,124.9,-74.27,132.4
11.767,124.9,-74.27,137.8
11.800,124.9,-74.27,129.1
11.833,124.9,-74.27,148.3
11.867,124.9,-74.27,145.1
11.900,124.9,-74.27,161.5
11.933,124.9,-74.27,157.2
11.967,124.9,-74.27,172.2
12.000,124.9,-74.27,157.7
12.033,124.9,-74.27,146.2
12.067,124.9,-74.27,125.9
12.100,124.9,-74.27,129.1
12.133,124.9,-74.27,120.0
12.167,124.9,-74.27,131.5
12.200,124.9,-74.27,139.1
12.233,124.9,-74.27,162.9
12.267,124.9,-74.27,158.8
12.300,124.9,-74.27,176.6
12.333,124.9,-74.27,168.4
12.367,124.9,-74.27,172.8
12.400,124.9,-74.27,145.8
12.433,124.9,-74.27,138.7
12.467,124.9,-74.27,123.9
12.500,124.9,-74.27,136.7
12.533,124.9,-74.27,129.3
12.567,124.9,-74.27,147.4
12.600,124.9,-74.27,149.5
12.633,124.9,-74.27,164.8
12.667,124.9,-74.27,159.5
12.700,124.9,-74.27,172.1
12.733,124.9,-74.27,162.7
12.767,124.9,-74.27,153.0
12.800,124.9,-74.27,127.5
12.833,124.9,-74.27,134.0
12.867,124.9,-74.27,125.2
12.900,124.9,-74.27,137.4
12.933,124.9,-74.27,132.8
12.967,124.9,-74.27,154.7
13.000,124.9,-74.27,154.4
13.033,124.9,-74.27,171.2
13.067,124.9,-74.27,163.1
13.100,124.9,-74.27,172.9
13.133,124.9,-74.27,157.3
13.167,124.9,-74.27,141.9
13.200,124.9,-74.27,128.7
13.233,124.9,-74.27,132.4
13.267,124.9,-74.27,121.6
13.300,124.9,-74.27,138.6
13.333,124.9,-74.27,143.9
13.367,124.9,-74.27,161.5
13.400,124.9,-74.27,158.1
13.433,124.9,-74.27,174.4
13.467,124.9,-74.27,170.7
13.500,124.9,-74.27,164.9
13.533,124.9,-74.27,130.8
13.567,124.9,-74.27,136.7
13.600,124.9,-74.27,126.2
13.633,124.9,-74.27,133.8
13.667,124.9,-74.27,130.8
13.700,124.9,-74.27,152.0
13.733,124.9,-74.27,145.3
13.767,124.9,-74.27,157.3
13.800,124.9,-74.27,153.3
13.833,124.9,-74.27,165.9
13.867,124.9,-74.27,154.2
13.900,124.9,-74.27,141.4
13.933,124.9,-74.27,121.6
13.967,124.9,-74.27,124.9
14.000,124.9,-74.27,113.8
14.033,124.9,-74.27,129.7
14.067,124.9,-74.27,148.4
14.100,124.9,-74.27,167.1
14.133,124.9,-74.27,162.9
14.167,124.9,-74.27,173.5
14.200,124.9,-74.27,165.2
14.233,124.9,-74.27,168.9
14.267,124.9,-74.27,140.6
14.300,124.9,-74.27,141.7
14.333,124.9,-74.27,132.2
14.367,124.9,-74.27,136.4
14.400,124.9,-74.27,127.7
14.433,124.9,-74.27,148.5
14.467,124.9,-74.27,148.6
14.500,124.9,-74.27,163.7
14.533,124.9,-74.27,158.7
14.567,124.9,-74.27,168.8
14.600,124.9,-74.27,157.4
14.633,124.9,-74.27,152.0
14.667,124.9,-74.27,136.1
14.700,124.9,-74.27,143.9
14.733,124.9,-74.27,134.1
14.767,124.9,-74.27,144.9
14.800,124.9,-74.27,144.3
14.833,124.9,-74.27,158.9
14.867,124.9,-74.27,150.8
14.900,124.9,-74.27,162.3
14.933,124.9,-74.27,156.8
14.967,124.9,-74.27,168.0
15.000,124.9,-74.27,144.1
15.033,124.9,-74.27,145.1
15.067,124.9,-74.27,134.0
15.100,124.9,-74.27,143.5
15.133,124.9,-74.27,133.2
15.167,124.9,-74.27,148.8
15.200,124.9,-74.27,146.5
15.233,124.9,-74.27,157.6
15.267,124.9,-74.27,150.4
15.300,124.9,-74.27,163.4
15.333,124.9,-74.27,155.5
15.367,124.9,-74.27,152.3
15.400,124.9,-74.27,136.9
15.433,124.9,-74.27,147.5
15.467,124.9,-74.27,143.0
15.500,124.9,-74.27,152.0
15.533,124.9,-74.27,145.4
15.567,124.9,-74.27,153.3
15.600,124.9,-74.27,146.3
15.633,124.9,-74.27,160.3
15.667,124.9,-74.27,160.2
15.700,124.9,-74.27,166.6
15.733,124.9,-74.27,143.1
15.767,124.9,-74.27,140.5
15.800,124.9,-74.27,122.1
15.833,124.9,-74.27,129.5
15.867,124.9,-74.27,117.6
15.900,124.9,-74.27,141.1
15.933,124.9,-74.27,151.8
15.967,124.9,-74.27,166.1
16.000,124.9,-74.27,161.6
16.033,124.9,-74.27,170.7
16.067,124.9,-74.27,160.5
16.100,124.9,-74.27,153.8
16.133,124.9,-74.27,125.3
16.167,124.9,-74.27,134.3
16.200,124.9,-74.27,131.7
16.233,124.9,-74.27,144.8
16.267,124.9,-74.27,141.0
16.300,124.9,-74.27,155.1
16.333,124.9,-74.27,150.5
16.367,124.9,-74.27,166.1
16.400,124.9,-74.27,166.0
16.433,124.9,-74.27,171.3
16.467,124.9,-74.27,141.8
16.500,124.9,-74.27,133.0
16.533,124.9,-74.27,122.2
16.567,124.9,-74.27,128.2
16.600,124.9,-74.27,120.6
16.633,124.9,-74.27,135.3
16.667,124.9,-74.27,149.0
16.700,124.9,-74.27,161.6
16.733,124.9,-74.27,160.9
16.767,124.9,-74.27,174.0
16.800,124.9,-74.27,168.8
16.833,124.9,-74.27,161.6
16.867,124.9,-74.27,130.9
16.900,124.9,-74.27,135.9
16.933,124.9,-74.27,133.5
16.967,124.9,-74.27,142.6
17.000,124.9,-74.27,139.3
17.033,124.9,-74.27,155.3
17.067,124.9,-74.27,154.9
17.100,124.9,-74.27,168.4
17.133,124.9,-74.27,167.4
17.167,124.9,-74.27,175.3
17.200,124.9,-74.27,154.6
17.233,124.9,-74.27,145.2
17.267,124.9,-74.27,137.3
17.300,124.9,-74.27,143.1
17.333,124.9,-74.27,134.8
17.367,124.9,-74.27,144.7
17.400,124.9,-74.27,145.9
17.433,124.9,-74.27,158.9
17.467,124.9,-74.27,156.3
17.500,124.9,-74.27,167.3
17.533,124.9,-74.27,168.1
17.567,124.9,-74.27,168.1
17.600,124.9,-74.27,142.7
17.633,124.9,-74.27,142.4
17.667,124.9,-74.27,138.9
17.700,124.9,-74.27,143.5
17.733,124.9,-74.27,135.6
17.767,124.9,-74.27,155.2
17.800,124.9,-74.27,155.4
17.833,124.9,-74.27,167.8
17.867,124.9,-74.27,169.1
17.900,124.9,-74.27,176.6
17.933,124.9,-74.27,156.0
17.967,124.9,-74.27,137.9
18.000,124.9,-74.27,124.8
18.033,124.9,-74.27,131.0
18.067,124.9,-74.27,131.3
18.100,124.9,-74.27,139.9
18.133,124.9,-74.27,146.1
18.167,124.9,-74.27,159.6
18.200,124.9,-74.27,162.2
18.233,124.9,-74.27,173.3
18.267,124.9,-74.27,168.9
18.300,124.9,-74.27,167.4
18.333,124.9,-74.27,137.9
18.367,124.9,-74.27,134.7
18.400,124.9,-74.27,128.3
18.433,124.9,-74.27,135.4
18.467,124.9,-74.27,133.9
18.500,124.9,-74.27,153.1
18.533,124.9,-74.27,154.0
18.567,124.9,-74.27,163.2
18.600,124.9,-74.27,165.8
18.633,124.9,-74.27,172.8
18.667,124.9,-74.27,159.7
18.700,124.9,-74.27,136.2
18.733,124.9,-74.27,122.9
18.767,124.9,-74.27,127.0
18.800,124.9,-74.27,118.4
18.833,124.9,-74.27,124.6
18.867,124.9,-74.27,147.9
18.900,124.9,-74.27,165.3
18.933,124.9,-74.27,165.6
18.967,124.9,-74.27,174.5
19.000,124.9,-74.27,173.4
19.033,124.9,-74.27,170.7
19.067,124.9,-74.27,137.5
19.100,124.9,-74.27,133.6
19.133,124.9,-74.27,128.1
19.167,124.9,-74.27,131.7
19.200,124.9,-74.27,134.7
19.233,124.9,-74.27,151.6
19.267,124.9,-74.27,157.8
19.300,124.9,-74.27,170.3
19.333,124.9,-74.27,172.4
19.367,124.9,-74.27,181.3
19.400,124.9,-74.27,165.6
19.433,124.9,-74.27,137.7
19.467,124.9,-74.27,124.3
19.500,124.9,-74.27,126.7
19.533,124.9,-74.27,121.0
19.567,124.9,-74.27,127.3
19.600,124.9,-74.27,144.1
19.633,124.9,-74.27,160.4
19.667,124.9,-74.27,162.9
19.700,124.9,-74.27,172.4
19.733,124.9,-74.27,174.7
19.767,124.9,-74.27,174.4
19.800,124.9,-74.27,146.9
19.833,124.9,-74.27,137.8
19.867,124.9,-74.27,134.8
19.900,124.9,-74.27,142.2
19.933,124.9,-74.27,139.1
19.967,124.9,-74.27,147.4
20.000,124.9,-74.27,150.4
20.033,124.9,-74.27,161.5
20.067,124.9,-74.27,164.8
20.100,124.9,-74.27,173.5
20.133,124.9,-74.27,172.8
20.167,124.9,-74.27,160.1
20.200,124.9,-74.27,134.4
20.233,124.9,-74.27,133.8
20.267,124.9,-74.27,129.3
20.300,124.9,-74.27,136.2
20.333,124.9,-74.27,141.1
20.367,124.9,-74.27,156.4
20.400,124.9,-74.27,152.0
20.433,124.9,-74.27,162.4
20.467,124.9,-74.27,160.9
20.500,124.9,-74.27,161.9
20.533,124.9,-74.27,157.3
20.567,124.9,-74.27,146.5
20.600,124.9,-74.27,140.1
20.633,124.9,-74.27,140.4
20.667,124.9,-74.27,135.5
20.700,124.9,-74.27,143.1
20.733,124.9,-74.27,150.3
20.767,124.9,-74.27,156.9
20.800,124.9,-74.27,156.8
20.833,124.9,-74.27,161.8
20.867,124.9,-74.27,161.7
20.900,124.9,-74.27,163.3
20.933,124.9,-74.27,148.6
20.967,124.9,-74.27,145.1
21.000,124.9,-74.27,139.6
21.033,124.9,-74.27,143.9
21.067,124.9,-74.27,142.4
21.100,124.9,-74.27,151.4
21.133,124.9,-74.27,152.1
21.167,124.9,-74.27,159.6
21.200,124.9,-74.27,160.0
21.233,124.9,-74.27,164.8
21.267,124.9,-74.27,160.4
21.300,124.9,-74.27,150.9
21.333,124.9,-74.27,142.2
21.367,124.9,-74.27,141.3
21.400,124.9,-74.27,134.4
21.433,124.9,-74.27,137.7
21.467,124.9,-74.27,145.7
21.500,124.9,-74.27,154.6
21.533,124.9,-74.27,160.9
21.567,124.9,-74.27,170.0
21.600,124.9,-74.27,175.1
21.633,124.9,-74.27,176.7
21.667,124.9,-74.27,145.6
21.700,124.9,-74.27,123.2
21.733,124.9,-74.27,117.1
21.767,124.9,-74.27,124.0
21.800,124.9,-74.27,132.8
21.833,124.9,-74.27,148.2
21.867,124.9,-74.27,153.1
21.900,124.9,-74.27,159.3
21.933,124.9,-74.27,163.7
21.967,124.9,-74.27,169.7
22.000,124.9,-74.27,167.0
22.033,124.9,-74.27,159.2
22.067,124.9,-74.27,125.6
22.100,124.9,-74.27,120.8
22.133,124.9,-74.27,123.6
22.167,124.9,-74.27,131.7
22.200,124.9,-74.27,137.7
22.233,124.9,-74.27,155.1
22.267,124.9,-74.27,161.7
22.300,124.9,-74.27,170.0
22.333,124.9,-74.27,170.9
22.367,124.9,-74.27,173.2
22.400,124.9,-74.27,158.5
22.433,124.9,-74.27,137.3
22.467,124.9,-74.27,130.6
22.500,124.9,-74.27,127.0
22.533,124.9,-74.27,124.3
22.567,124.9,-74.27,131.0
22.600,124.9,-74.27,149.6
22.633,124.9,-74.27,157.0
22.667,124.9,-74.27,162.7
22.700,124.9,-74.27,169.3
22.733,124.9,-74.27,169.2
22.767,124.9,-74.27,165.2
22.800,124.9,-74.27,141.2
22.833,124.9,-74.27,137.6
22.867,124.9,-74.27,134.8
22.900,124.9,-74.27,137.8
22.933,124.9,-74.27,135.8
22.967,124.9,-74.27,153.7
23.000,124.9,-74.27,157.7
23.033,124.9,-74.27,160.3
23.067,124.9,-74.27,164.2
23.100,124.9,-74.27,170.8
23.133,124.9,-74.27,168.7
23.167,124.9,-74.27,149.5
23.200,124.9,-74.27,138.5
23.233,124.9,-74.27,134.9
23.267,124.9,-74.27,137.4
23.300,124.9,-74.27,138.0
23.333,124.9,-74.27,141.8
23.367,124.9,-74.27,157.6
23.400,124.9,-74.27,161.6
23.433,124.9,-74.27,168.1
23.467,124.9,-74.27,168.2
23.500,124.9,-74.27,165.4
23.533,124.9,-74.27,155.3
23.567,124.9,-74.27,138.6
23.600,124.9,-74.27,139.1
23.633,124.9,-74.27,139.5
23.667,124.9,-74.27,142.5
23.700,124.9,-74.27,150.0
23.733,124.9,-74.27,157.8
23.767,124.9,-74.27,163.1
23.800,124.9,-74.27,169.0
23.833,124.9,-74.27,172.9
23.867,124.9,-74.27,169.4
23.900,124.9,-74.27,147.5
23.933,124.9,-74.27,135.5
23.967,124.9,-74.27,129.2
24.000,124.9,-74.27,131.7
24.033,124.9,-74.27,138.6
24.067,124.9,-74.27,148.7
24.100,124.9,-74.27,153.9
24.133,124.9,-74.27,159.3
24.167,124.9,-74.27,161.6
24.200,124.9,-74.27,165.0
24.233,124.9,-74.27,163.5
24.267,124.9,-74.27,147.0
24.300,124.9,-74.27,138.0
24.333,124.9,-74.27,136.1
24.367,124.9,-74.27,136.6
24.400,124.9,-74.27,144.8
24.433,124.9,-74.27,149.9
24.467,124.9,-74.27,157.0
24.500,124.9,-74.27,160.8
24.533,124.9,-74.27,168.7
24.567,124.9,-74.27,170.9
24.600,124.9,-74.27,163.7
24.633,124.9,-74.27,140.4
24.667,124.9,-74.27,122.3
24.700,124.9,-74.27,118.0
24.733,124.9,-74.27,124.3
24.767,124.9,-74.27,131.5
24.800,124.9,-74.27,148.8
24.833,124.9,-74.27,155.0
24.867,124.9,-74.27,161.5
24.900,124.9,-74.27,163.6
24.933,124.9,-74.27,170.1
24.967,124.9,-74.27,162.5
25.000,124.9,-74.27,136.4
25.033,124.9,-74.27,128.6
25.067,124.9,-74.27,129.9
25.100,124.9,-74.27,129.7
25.133,124.9,-74.27,139.8
25.167,124.9,-74.27,152.2
25.200,124.9,-74.27,164.4
25.233,124.9,-74.27,173.5
25.267,124.9,-74.27,179.1
25.300,124.9,-74.27,180.7
25.333,124.9,-74.27,167.2
25.367,124.9,-74.27,134.9
25.400,124.9,-74.27,131.8
25.433,124.9,-74.27,130.8
25.467,124.9,-74.27,123.8
25.500,124.9,-74.27,129.7
25.533,124.9,-74.27,153.7
25.567,124.9,-74.27,158.8
25.600,124.9,-74.27,167.9
25.633,124.9,-74.27,171.2
25.667,124.9,-74.27,175.1
25.700,124.9,-74.27,155.9
25.733,124.9,-74.27,130.7
25.767,124.9,-74.27,127.1
25.800,124.9,-74.27,130.0
25.833,124.9,-74.27,128.3
25.867,124.9,-74.27,144.4
25.900,124.9,-74.27,155.5
25.933,124.9,-74.27,165.3
25.967,124.9,-74.27,170.7
26.000,124.9,-74.27,180.3
26.033,124.9,-74.27,178.0
26.067,124.9,-74.27,121.6
26.167,124.9,-74.27,121.8
26.200,124.9,-74.27,127.5
26.233,124.9,-74.27,132.2
26.267,124.9,-74.27,139.0
26.300,124.9,-74.27,156.2
26.333,124.9,-74.27,164.7
26.367,124.9,-74.27,170.6
26.400,124.9,-74.27,168.8
26.433,124.9,-74.27,173.1
26.467,124.9,-74.27,151.4
26.500,124.9,-74.27,137.9
26.533,124.9,-74.27,134.2
26.567,124.9,-74.27,133.5
26.600,124.9,-74.27,129.8
26.633,124.9,-74.27,146.5
26.667,124.9,-74.27,155.2
26.700,124.9,-74.27,165.9
26.733,124.9,-74.27,171.2
26.767,124.9,-74.27,180.2
26.800,124.9,-74.27,174.7
26.833,124.9,-74.27,155.0
26.867,124.9,-74.27,132.0
26.900,124.9,-74.27,129.4
26.933,124.9,-74.27,129.3
26.967,124.9,-74.27,138.2
27.000,124.9,-74.27,141.1
27.033,124.9,-74.27,154.3
27.067,124.9,-74.27,153.4
27.100,124.9,-74.27,161.2
27.133,124.9,-74.27,160.0
27.167,124.9,-74.27,162.3
27.200,124.9,-74.27,150.8
27.233,124.9,-74.27,142.4
27.267,124.9,-74.27,131.8
27.300,124.9,-74.27,133.4
27.333,124.9,-74.27,132.6
27.367,124.9,-74.27,145.4
27.400,124.9,-74.27,150.3
27.433,124.9,-74.27,163.9
27.467,124.9,-74.27,171.3
27.500,124.9,-74.27,182.4
27.533,124.9,-74.27,176.6
27.567,124.9,-74.27,150.5
27.600,124.9,-74.27,133.4
27.633,124.9,-74.27,133.8
27.667,124.9,-74.27,130.1
27.700,124.9,-74.27,134.5
27.733,124.9,-74.27,135.7
27.767,124.9,-74.27,153.3
27.800,124.9,-74.27,155.8
27.833,124.9,-74.27,165.2
27.867,124.9,-74.27,167.0
27.900,124.9,-74.27,171.4
27.933,124.9,-74.27,157.9
27.967,124.9,-74.27,150.5
28.000,124.9,-74.27,136.2
28.033,124.9,-74.27,140.3
28.067,124.9,-74.27,137.1
28.100,124.9,-74.27,149.7
28.133,124.9,-74.27,152.2
28.167,124.9,-74.27,164.4
28.200,124.9,-74.27,163.5
28.233,124.9,-74.27,176.1
28.267,124.9,-74.27,174.5
28.300,124.9,-74.27,163.3
28.333,124.9,-74.27,142.7
28.367,124.9,-74.27,142.4
28.400,124.9,-74.27,135.5
28.433,124.9,-74.27,141.9
28.467,124.9,-74.27,140.5
28.500,124.9,-74.27,155.3
28.533,124.9,-74.27,160.9
28.567,124.9,-74.27,171.2
28.600,124.9,-74.27,174.6
28.633,124.9,-74.27,174.0
28.667,124.9,-74.27,149.6
28.700,124.9,-74.27,140.0
28.733,124.9,-74.27,130.6
28.767,124.9,-74.27,138.1
28.800,124.9,-74.27,131.5
28.833,124.9,-74.27,150.2
28.867,124.9,-74.27,158.8
28.900,124.9,-74.27,172.9
28.933,124.9,-74.27,170.9
28.967,124.9,-74.27,177.4
29.000,124.9,-74.27,166.1
29.033,124.9,-74.27,153.9
29.067,124.9,-74.27,140.2
29.100,124.9,-74.27,143.2
29.133,124.9,-74.27,135.2
29.167,124.9,-74.27,140.0
29.200,124.9,-74.27,141.2
29.233,124.9,-74.27,153.6
29.267,124.9,-74.27,154.2
29.300,124.9,-74.27,164.1
29.333,124.9,-74.27,162.7
29.367,124.9,-74.27,167.7
29.400,124.9,-74.27,143.7
29.433,124.9,-74.27,140.0
29.467,124.9,-74.27,133.0
29.500,124.9,-74.27,135.8
29.533,124.9,-74.27,130.2
29.567,124.9,-74.27,149.9
29.600,124.9,-74.27,150.9
29.633,124.9,-74.27,164.5
29.667,124.9,-74.27,166.2
29.700,124.9,-74.27,177.9
29.733,124.9,-74.27,169.7
29.767,124.9,-74.27,151.1
29.800,124.9,-74.27,132.6
29.833,124.9,-74.27,130.7
29.867,124.9,-74.27,124.0
29.900,124.9,-74.27,129.3
29.933,124.9,-74.27,132.7
29.967,124.9,-74.27,155.4
30.000,124.9,-74.27,151.4
30.033,124.9,-74.27,165.2
30.067,124.9,-74.27,161.7
30.100,124.9,-74.27,168.6
30.133,124.9,-74.27,144.5
30.167,124.9,-74.27,140.1
30.200,124.9,-74.27,130.1
30.233,124.9,-74.27,136.3
30.267,124.9,-74.27,129.7
30.300,124.9,-74.27,146.6
30.333,124.9,-74.27,148.5
30.367,124.9,-74.27,165.7
30.400,124.9,-74.27,166.5
30.433,124.9,-74.27,174.4
30.467,124.9,-74.27,168.2
30.500,124.9,-74.27,154.9
30.533,124.9,-74.27,132.2
30.567,124.9,-74.27,134.1
30.600,124.9,-74.27,127.2
30.633,124.9,-74.27,139.6
30.667,124.9,-74.27,138.3
30.700,124.9,-74.27,155.5
30.733,124.9,-74.27,153.6
30.767,124.9,-74.27,166.8
30.800,124.9,-74.27,169.4
30.833,124.9,-74.27,177.7
30.867,124.9,-74.27,147.1
30.900,124.9,-74.27,139.6
30.933,124.9,-74.27,133.2
30.967,124.9,-74.27,141.9
31.000,124.9,-74.27,134.1
31.033,124.9,-74.27,152.7
31.067,124.9,-74.27,155.7
31.100,124.9,-74.27,172.1
31.133,124.9,-74.27,168.7
31.167,124.9,-74.27,180.1
31.200,124.9,-74.27,167.3
31.233,124.9,-74.27,152.4
31.267,124.9,-74.27,133.6
31.300,124.9,-74.27,141.2
31.333,124.9,-74.27,130.6
31.367,124.9,-74.27,138.4
31.400,124.9,-74.27,140.0
31.433,124.9,-74.27,157.4
31.467,124.9,-74.27,155.3
31.500,124.9,-74.27,166.2
31.533,124.9,-74.27,161.9
31.567,124.9,-74.27,169.4
31.600,124.9,-74.27,141.6
31.633,124.9,-74.27,140.6
31.667,124.9,-74.27,131.4
31.700,124.9,-74.27,141.7
31.733,124.9,-74.27,136.7
31.767,124.9,-74.27,151.9
31.800,124.9,-74.27,148.5
31.833,124.9,-74.27,164.9
31.867,124.9,-74.27,162.1
31.900,124.9,-74.27,175.0
31.933,124.9,-74.27,160.5
31.967,124.9,-74.27,150.0
32.000,124.9,-74.27,137.3
32.033,124.9,-74.27,147.6
32.067,124.9,-74.27,138.0
32.100,124.9,-74.27,144.6
32.133,124.9,-74.27,140.3
32.167,124.9,-74.27,158.9
32.200,124.9,-74.27,156.3
32.233,124.9,-74.27,168.9
32.267,124.9,-74.27,162.5
32.300,124.9,-74.27,167.4
32.333,124.9,-74.27,141.0
32.367,124.9,-74.27,145.7
32.400,124.9,-74.27,138.7
32.433,124.9,-74.27,146.9
32.467,124.9,-74.27,137.8
32.500,124.9,-74.27,151.8
32.533,124.9,-74.27,149.2
32.567,124.9,-74.27,158.5
32.600,124.9,-74.27,153.5
32.633,124.9,-74.27,169.6
32.667,124.9,-74.27,154.5
32.700,124.9,-74.27,147.5
32.733,124.9,-74.27,129.3
32.767,124.9,-74.27,133.3
32.800,124.9,-74.27,124.2
32.833,124.9,-74.27,139.0
32.867,124.9,-74.27,141.9
32.900,124.9,-74.27,159.8
32.933,124.9,-74.27,155.3
32.967,124.9,-74.27,165.6
33.000,124.9,-74.27,155.9
33.033,124.9,-74.27,162.2
33.067,124.9,-74.27,138.7
33.100,124.9,-74.27,143.6
33.133,124.9,-74.27,129.2
33.167,124.9,-74.27,138.9
33.200,124.9,-74.27,135.6
33.233,124.9,-74.27,156.4
33.267,124.9,-74.27,155.2
33.300,124.9,-74.27,170.4
33.333,124.9,-74.27,164.0
33.367,124.9,-74.27,174.9
33.400,124.9,-74.27,153.6
33.433,124.9,-74.27,145.3
33.467,124.9,-74.27,130.8
33.500,124.9,-74.27,138.1
33.533,124.9,-74.27,131.0
33.567,124.9,-74.27,145.0
33.600,124.9,-74.27,139.9
33.633,124.9,-74.27,155.6
33.667,124.9,-74.27,152.2
33.700,124.9,-74.27,165.4
33.733,124.9,-74.27,159.8
33.767,124.9,-74.27,166.5
33.800,124.9,-74.27,142.1
33.833,124.9,-74.27,145.7
33.867,124.9,-74.27,131.7
33.900,124.9,-74.27,138.5
33.933,124.9,-74.27,133.5
33.967,124.9,-74.27,154.6
34.000,124.9,-74.27,150.9
34.033,124.9,-74.27,167.4
34.067,124.9,-74.27,165.3
34.100,124.9,-74.27,178.6
34.133,124.9,-74.27,161.1
34.167,124.9,-74.27,142.2
34.200,124.9,-74.27,121.0
34.233,124.9,-74.27,128.2
34.267,124.9,-74.27,115.7
34.300,124.9,-74.27,129.6
34.333,124.9,-74.27,137.8
34.367,124.9,-74.27,160.0
34.400,124.9,-74.27,156.3
34.433,124.9,-74.27,173.2
34.467,124.9,-74.27,169.2
34.500,124.9,-74.27,173.2
34.533,124.9,-74.27,134.0
34.567,124.9,-74.27,129.8
34.600,124.9,-74.27,123.5
34.633,124.9,-74.27,136.0
34.667,124.9,-74.27,128.6
34.700,124.9,-74.27,151.3
34.733,124.9,-74.27,149.1
34.767,124.9,-74.27,168.5
34.800,124.9,-74.27,167.8
34.833,124.9,-74.27,174.9
34.867,124.9,-74.27,158.0
34.900,124.9,-74.27,146.8
34.933,124.9,-74.27,124.4
34.967,124.9,-74.27,128.4
35.000,124.9,-74.27,115.9
35.033,124.9,-74.27,131.7
35.067,124.9,-74.27,138.6
35.100,124.9,-74.27,158.3
35.133,124.9,-74.27,154.5
35.167,124.9,-74.27,169.6
35.200,124.9,-74.27,166.6
35.233,124.9,-74.27,168.0
35.267,124.9,-74.27,135.1
35.300,124.9,-74.27,140.8
35.333,124.9,-74.27,125.4
35.367,124.9,-74.27,132.2
35.400,124.9,-74.27,135.7
35.433,124.9,-74.27,156.4
35.467,124.9,-74.27,152.3
35.500,124.9,-74.27,170.2
35.533,124.9,-74.27,169.3
35.567,124.9,-74.27,179.8
35.600,124.9,-74.27,145.7
35.633,124.9,-74.27,132.4
35.667,124.9,-74.27,119.8
35.700,124.9,-74.27,129.9
35.733,124.9,-74.27,121.0
35.767,124.9,-74.27,139.8
35.800,124.9,-74.27,143.5
35.833,124.9,-74.27,164.2
35.867,124.9,-74.27,159.5
35.900,124.9,-74.27,173.9
35.933,124.9,-74.27,163.2
35.967,124.9,-74.27,163.3
36.000,124.9,-74.27,129.3
36.033,124.9,-74.27,138.1
36.067,124.9,-74.27,122.6
36.100,124.9,-74.27,138.1
36.133,124.9,-74.27,135.8
36.167,124.9,-74.27,158.8
36.200,124.9,-74.27,153.7
36.233,124.9,-74.27,171.2
36.267,124.9,-74.27,166.3
36.300,124.9,-74.27,175.7
36.333,124.9,-74.27,145.7
36.367,124.9,-74.27,143.6
36.400,124.9,-74.27,123.8
36.433,124.9,-74.27,128.9
36.467,124.9,-74.27,125.8
36.500,124.9,-74.27,142.4
36.533,124.9,-74.27,140.6
36.567,124.9,-74.27,153.8
36.600,124.9,-74.27,147.7
36.633,124.9,-74.27,165.8
36.667,124.9,-74.27,157.3
36.700,124.9,-74.27,157.8
36.733,124.9,-74.27,133.4
36.767,124.9,-74.27,142.5
36.800,124.9,-74.27,132.2
36.833,124.9,-74.27,147.1
36.867,124.9,-74.27,139.6
36.900,124.9,-74.27,156.7
36.933,124.9,-74.27,149.4
36.967,124.9,-74.27,166.2
37.000,124.9,-74.27,163.1
37.033,124.9,-74.27,176.3
37.067,124.9,-74.27,145.2
37.100,124.9,-74.27,131.4
37.133,124.9,-74.27,114.8
37.167,124.9,-74.27,131.1
37.200,124.9,-74.27,127.8
37.233,124.9,-74.27,142.6
37.267,124.9,-74.27,140.5
37.300,124.9,-74.27,158.6
37.333,124.9,-74.27,154.6
37.367,124.9,-74.27,165.8
37.400,124.9,-74.27,156.1
37.433,124.9,-74.27,159.5
37.467,124.9,-74.27,133.6
37.500,124.9,-74.27,144.2
37.533,124.9,-74.27,130.2
37.567,124.9,-74.27,145.4
37.600,124.9,-74.27,136.6
37.633,124.9,-74.27,156.2
37.667,124.9,-74.27,155.1
37.700,124.9,-74.27,174.4
37.733,124.9,-74.27,170.0
37.767,124.9,-74.27,179.8
37.800,124.9,-74.27,147.3
37.833,124.9,-74.27,134.4
37.867,124.9,-74.27,117.8
37.900,124.9,-74.27,132.5
37.933,124.9,-74.27,124.7
37.967,124.9,-74.27,145.9
38.000,124.9,-74.27,142.4
38.033,124.9,-74.27,158.9
38.067,124.9,-74.27,149.4
38.100,124.9,-74.27,165.3
38.133,124.9,-74.27,158.5
38.167,124.9,-74.27,157.9
38.200,124.9,-74.27,129.7
38.233,124.9,-74.27,138.8
38.267,124.9,-74.27,128.6
38.300,124.9,-74.27,143.2
38.333,124.9,-74.27,134.8
38.367,124.9,-74.27,154.5
38.400,124.9,-74.27,149.6
38.433,124.9,-74.27,169.3
38.467,124.9,-74.27,167.3
38.500,124.9,-74.27,179.5
38.533,124.9,-74.27,156.9
38.567,124.9,-74.27,141.4
38.600,124.9,-74.27,128.1
38.633,124.9,-74.27,141.4
38.667,124.9,-74.27,128.2
38.700,124.9,-74.27,140.0
38.733,124.9,-74.27,139.2
38.767,124.9,-74.27,161.1
38.800,124.9,-74.27,156.2
38.833,124.9,-74.27,174.1
38.867,124.9,-74.27,162.2
38.900,124.9,-74.27,164.7
38.933,124.9,-74.27,135.9
38.967,124.9,-74.27,144.2
39.000,124.9,-74.27,132.3
39.033,124.9,-74.27,143.5
39.067,124.9,-74.27,130.3
39.100,124.9,-74.27,157.3
39.133,124.9,-74.27,156.6
39.167,124.9,-74.27,174.5
39.200,124.9,-74.27,169.2
39.233,124.9,-74.27,183.4
39.267,124.9,-74.27,158.6
39.300,124.9,-74.27,134.2
39.333,124.9,-74.27,115.6
39.367,124.9,-74.27,126.8
39.400,124.9,-74.27,115.4
39.433,124.9,-74.27,127.3
39.467,124.9,-74.27,137.8
39.500,124.9,-74.27,163.5
39.533,124.9,-74.27,158.2
39.567,124.9,-74.27,174.5
39.600,124.9,-74.27,170.3
39.633,124.9,-74.27,172.4
39.667,124.9,-74.27,131.8
39.700,124.9,-74.27,125.7
39.733,124.9,-74.27,111.9
39.767,124.9,-74.27,124.1
39.800,124.9,-74.27,123.5
39.833,124.9,-74.27,152.4
39.867,124.9,-74.27,151.1
39.900,124.9,-74.27,169.3
39.933,124.9,-74.27,165.6
39.967,124.9,-74.27,180.3
40.000,124.9,-74.27,161.1
40.033,124.9,-74.27,137.4
40.067,124.9,-74.27,116.1
40.100,124.9,-74.27,123.7
40.133,124.9,-74.27,116.7
40.167,124.9,-74.27,129.6
40.200,124.9,-74.27,139.7
40.233,124.9,-74.27,164.4
40.267,124.9,-74.27,155.7
40.300,124.9,-74.27,171.8
40.333,124.9,-74.27,166.1
40.367,124.9,-74.27,168.0
40.400,124.9,-74.27,130.9
40.433,124.9,-74.27,133.0
40.467,124.9,-74.27,117.4
40.500,124.9,-74.27,132.0
40.533,124.9,-74.27,125.3
40.567,124.9,-74.27,156.6
40.600,124.9,-74.27,156.4
40.633,124.9,-74.27,175.0
40.667,124.9,-74.27,171.3
40.700,124.9,-74.27,180.7
40.733,124.9,-74.27,156.9
40.767,124.9,-74.27,146.0
40.800,124.9,-74.27,124.1
40.833,124.9,-74.27,134.8
40.867,124.9,-74.27,124.3
40.900,124.9,-74.27,137.6
40.933,124.9,-74.27,140.0
40.967,124.9,-74.27,160.5
41.000,124.9,-74.27,156.5
41.033,124.9,-74.27,174.5
41.067,124.9,-74.27,167.6
41.100,124.9,-74.27,169.2
41.133,124.9,-74.27,135.8
41.167,124.9,-74.27,137.9
41.200,124.9,-74.27,125.6
41.233,124.9,-74.27,131.6
41.267,124.9,-74.27,129.1
41.300,124.9,-74.27,160.1
41.333,124.9,-74.27,157.5
41.367,124.9,-74.27,171.4
41.400,124.9,-74.27,166.0
41.433,124.9,-74.27,178.2
41.467,124.9,-74.27,154.8
41.500,124.9,-74.27,147.3
41.533,124.9,-74.27,129.5
41.567,124.9,-74.27,141.2
41.600,124.9,-74.27,128.9
41.633,124.9,-74.27,149.6
41.667,124.9,-74.27,146.8
41.700,124.9,-74.27,161.6
41.733,124.9,-74.27,150.5
41.767,124.9,-74.27,165.1
41.800,124.9,-74.27,154.0
41.833,124.9,-74.27,157.8
41.867,124.9,-74.27,133.6
41.900,124.9,-74.27,143.3
41.933,124.9,-74.27,133.6
41.967,124.9,-74.27,148.8
42.000,124.9,-74.27,141.6
42.033,124.9,-74.27,159.2
42.067,124.9,-74.27,150.2
42.100,124.9,-74.27,163.9
42.133,124.9,-74.27,159.8
42.167,124.9,-74.27,169.0
42.200,124.9,-74.27,137.9
42.233,124.9,-74.27,139.4
42.267,124.9,-74.27,123.7
42.300,124.9,-74.27,136.8
42.333,124.9,-74.27,126.8
42.367,124.9,-74.27,147.4
42.400,124.9,-74.27,147.4
42.433,124.9,-74.27,165.0
42.467,124.9,-74.27,159.6
42.500,124.9,-74.27,172.3
42.533,124.9,-74.27,155.8
42.567,124.9,-74.27,153.4
42.600,124.9,-74.27,133.6
42.633,124.9,-74.27,140.8
42.667,124.9,-74.27,129.5
42.700,124.9,-74.27,144.1
42.733,124.9,-74.27,142.3
42.767,124.9,-74.27,162.2
42.800,124.9,-74.27,153.7
42.833,124.9,-74.27,168.2
42.867,124.9,-74.27,159.4
42.900,124.9,-74.27,162.6
42.933,124.9,-74.27,137.6
42.967,124.9,-74.27,141.9
43.000,124.9,-74.27,129.3
43.033,124.9,-74.27,135.8
43.067,124.9,-74.27,125.8
43.100,124.9,-74.27,146.8
43.133,124.9,-74.27,146.7
43.167,124.9,-74.27,163.3
43.200,124.9,-74.27,160.5
43.233,124.9,-74.27,175.9
43.267,124.9,-74.27,160.1
43.300,124.9,-74.27,149.6
43.333,124.9,-74.27,127.9
43.367,124.9,-74.27,136.6
43.400,124.9,-74.27,120.4
43.433,124.9,-74.27,138.8
43.467,124.9,-74.27,137.7
43.500,124.9,-74.27,156.8
43.533,124.9,-74.27,153.1
43.567,124.9,-74.27,171.0
43.600,124.9,-74.27,163.8
43.633,124.9,-74.27,168.8
43.667,124.9,-74.27,138.6
43.700,124.9,-74.27,143.3
43.733,124.9,-74.27,130.4
43.767,124.9,-74.27,141.7
43.800,124.9,-74.27,131.0
43.833,124.9,-74.27,147.1
43.867,124.9,-74.27,145.9
43.900,124.9,-74.27,160.5
43.933,124.9,-74.27,156.0
43.967,124.9,-74.27,168.6
44.000,124.9,-74.27,156.4
44.033,124.9,-74.27,155.5
44.067,124.9,-74.27,135.4
44.100,124.9,-74.27,140.5
44.133,124.9,-74.27,129.9
44.167,124.9,-74.27,143.9
44.200,124.9,-74.27,140.9
44.233,124.9,-74.27,158.1
44.267,124.9,-74.27,155.7
44.300,124.9,-74.27,170.8
44.333,124.9,-74.27,162.5
44.367,124.9,-74.27,168.2
44.400,124.9,-74.27,138.0
44.433,124.9,-74.27,144.5
44.467,124.9,-74.27,130.0
44.500,124.9,-74.27,143.4
44.533,124.9,-74.27,134.3
44.567,124.9,-74.27,148.7
44.600,124.9,-74.27,145.9
44.633,124.9,-74.27,162.5
44.667,124.9,-74.27,157.4
44.700,124.9,-74.27,170.1
44.733,124.9,-74.27,155.9
44.767,124.9,-74.27,150.7
44.800,124.9,-74.27,132.1
44.833,124.9,-74.27,140.0
44.867,124.9,-74.27,133.5
44.900,124.9,-74.27,143.9
44.933,124.9,-74.27,141.9
44.967,124.9,-74.27,157.5
45.000,124.9,-74.27,154.0
45.033,124.9,-74.27,168.9
45.067,124.9,-74.27,162.7
45.100,124.9,-74.27,168.8
45.133,124.9,-74.27,135.7
45.167,124.9,-74.27,141.4
45.200,124.9,-74.27,130.6
45.233,124.9,-74.27,141.9
45.267,124.9,-74.27,134.5
45.300,124.9,-74.27,151.0
45.333,124.9,-74.27,145.5
45.367,124.9,-74.27,159.6
45.400,124.9,-74.27,155.1
45.433,124.9,-74.27,169.5
45.467,124.9,-74.27,149.7
45.500,124.9,-74.27,145.6
45.533,124.9,-74.27,129.1
45.567,124.9,-74.27,137.2
45.600,124.9,-74.27,130.4
45.633,124.9,-74.27,143.8
45.667,124.9,-74.27,147.1
45.700,124.9,-74.27,163.5
45.733,124.9,-74.27,157.2
45.767,124.9,-74.27,171.1
45.800,124.9,-74.27,165.5
45.833,124.9,-74.27,162.5
45.867,124.9,-74.27,131.3
45.900,124.9,-74.27,137.0
45.933,124.9,-74.27,128.6
45.967,124.9,-74.27,139.4
46.000,124.9,-74.27,131.2
46.033,124.9,-74.27,148.5
46.067,124.9,-74.27,147.0
46.100,124.9,-74.27,161.4
46.133,124.9,-74.27,155.5
46.167,124.9,-74.27,169.7
46.200,124.9,-74.27,156.6
46.233,124.9,-74.27,148.8
46.267,124.9,-74.27,133.4
46.300,124.9,-74.27,137.6
46.333,124.9,-74.27,127.7
46.367,124.9,-74.27,142.3
46.400,124.9,-74.27,142.5
46.433,124.9,-74.27,156.3
46.467,124.9,-74.27,150.7
46.500,124.9,-74.27,165.9
46.533,124.9,-74.27,161.7
46.567,124.9,-74.27,163.0
46.600,124.9,-74.27,135.9
46.633,124.9,-74.27,139.5
46.667,124.9,-74.27,127.2
46.700,124.9,-74.27,135.5
46.733,124.9,-74.27,130.1
46.767,124.9,-74.27,149.8
46.800,124.9,-74.27,148.8
46.833,124.9,-74.27,164.6
46.867,124.9,-74.27,157.7
46.900,124.9,-74.27,166.3
46.933,124.9,-74.27,153.5
46.967,124.9,-74.27,148.5
47.000,124.9,-74.27,130.0
47.033,124.9,-74.27,137.5
47.067,124.9,-74.27,126.7
47.100,124.9,-74.27,143.6
47.133,124.9,-74.27,142.2
47.167,124.9,-74.27,159.1
47.200,124.9,-74.27,159.4
47.233,124.9,-74.27,173.2
47.267,124.9,-74.27,168.3
47.300,124.9,-74.27,171.1
47.333,124.9,-74.27,136.8
47.367,124.9,-74.27,141.1
47.400,124.9,-74.27,135.1
47.433,124.9,-74.27,146.2
47.467,124.9,-74.27,137.8
47.500,124.9,-74.27,150.7
47.533,124.9,-74.27,149.0
47.567,124.9,-74.27,163.0
47.600,124.9,-74.27,159.7
47.633,124.9,-74.27,172.4
47.667,124.9,-74.27,160.2
47.700,124.9,-74.27,153.4
47.733,124.9,-74.27,135.3
47.767,124.9,-74.27,143.6
47.800,124.9,-74.27,130.8
47.833,124.9,-74.27,139.7
47.867,124.9,-74.27,138.7
47.900,124.9,-74.27,158.3
47.933,124.9,-74.27,157.2
47.967,124.9,-74.27,169.8
48.000,124.9,-74.27,166.4
48.033,124.9,-74.27,175.1
48.067,124.9,-74.27,138.1
48.100,124.9,-74.27,136.9
48.133,124.9,-74.27,122.6
48.167,124.9,-74.27,130.2
48.200,124.9,-74.27,126.0
48.233,124.9,-74.27,142.7
48.267,124.9,-74.27,150.0
48.300,124.9,-74.27,164.8
48.333,124.9,-74.27,163.0
48.367,124.9,-74.27,176.2
48.400,124.9,-74.27,168.5
48.433,124.9,-74.27,158.7
48.467,124.9,-74.27,134.0
48.500,124.9,-74.27,140.4
48.533,124.9,-74.27,137.1
48.567,124.9,-74.27,148.4
48.600,124.9,-74.27,143.3
48.633,124.9,-74.27,156.2
48.667,124.9,-74.27,154.0
48.700,124.9,-74.27,167.0
48.733,124.9,-74.27,163.2
48.767,124.9,-74.27,165.8
48.800,124.9,-74.27,143.1
48.833,124.9,-74.27,140.6
48.867,124.9,-74.27,127.2
48.900,124.9,-74.27,137.0
48.933,124.9,-74.27,129.5
48.967,124.9,-74.27,148.1
49.000,124.9,-74.27,147.5
49.033,124.9,-74.27,159.6
49.067,124.9,-74.27,156.3
49.100,124.9,-74.27,168.2
49.133,124.9,-74.27,161.9
49.167,124.9,-74.27,153.2
49.200,124.9,-74.27,139.1
49.233,124.9,-74.27,142.0
49.267,124.9,-74.27,131.0
49.300,124.9,-74.27,143.2
49.333,124.9,-74.27,144.9
49.367,124.9,-74.27,162.4
49.400,124.9,-74.27,161.5
49.433,124.9,-74.27,169.7
49.467,124.9,-74.27,166.1
49.500,124.9,-74.27,168.1
49.533,124.9,-74.27,137.1
49.567,124.9,-74.27,141.2
49.600,124.9,-74.27,125.0
49.633,124.9,-74.27,127.8
49.667,124.9,-74.27,128.0
49.700,124.9,-74.27,149.7
49.733,124.9,-74.27,151.0
49.767,124.9,-74.27,158.3
49.800,124.9,-74.27,157.2
49.833,124.9,-74.27,170.5
49.867,124.9,-74.27,161.9
49.900,124.9,-74.27,146.4
49.933,124.9,-74.27,127.1
49.967,124.9,-74.27,134.9
50.000,124.9,-74.27,129.5
50.033,124.9,-74.27,143.1
50.067,124.9,-74.27,144.1
50.100,124.9,-74.27,157.3
50.133,124.9,-74.27,158.1
50.167,124.9,-74.27,170.0
50.200,124.9,-74.27,170.5
50.233,124.9,-74.27,175.4
50.267,124.9,-74.27,139.4
50.300,124.9,-74.27,129.1
50.333,124.9,-74.27,119.1
50.367,124.9,-74.27,128.7
50.400,124.9,-74.27,125.7
50.433,124.9,-74.27,145.7
50.467,124.9,-74.27,150.0
50.500,124.9,-74.27,165.1
50.533,124.9,-74.27,164.7
50.567,124.9,-74.27,171.8
50.600,124.9,-74.27,164.3
50.633,124.9,-74.27,152.5
50.667,124.9,-74.27,131.8
50.700,124.9,-74.27,132.8
50.733,124.9,-74.27,131.6
50.767,124.9,-74.27,136.5
50.800,124.9,-74.27,140.5
50.833,124.9,-74.27,157.2
50.867,124.9,-74.27,155.8
50.900,124.9,-74.27,167.2
50.933,124.9,-74.27,166.6
50.967,124.9,-74.27,174.0
51.000,124.9,-74.27,155.4
51.033,124.9,-74.27,144.3
51.067,124.9,-74.27,130.3
51.100,124.9,-74.27,136.1
51.133,124.9,-74.27,130.9
51.167,124.9,-74.27,140.7
51.200,124.9,-74.27,143.9
51.233,124.9,-74.27,154.1
51.267,124.9,-74.27,153.6
51.300,124.9,-74.27,167.3
51.333,124.9,-74.27,169.7
51.367,124.9,-74.27,168.2
51.400,124.9,-74.27,143.4
51.433,124.9,-74.27,143.6
51.467,124.9,-74.27,137.0
51.500,124.9,-74.27,144.8
51.533,124.9,-74.27,143.2
51.567,124.9,-74.27,152.5
51.600,124.9,-74.27,151.8
51.633,124.9,-74.27,164.2
51.667,124.9,-74.27,164.8
51.700,124.9,-74.27,175.6
51.733,124.9,-74.27,167.2
51.767,124.9,-74.27,149.9
51.800,124.9,-74.27,130.9
51.833,124.9,-74.27,136.6
51.867,124.9,-74.27,133.7
51.900,124.9,-74.27,145.2
51.933,124.9,-74.27,148.0
51.967,124.9,-74.27,160.6
52.000,124.9,-74.27,160.3
52.033,124.9,-74.27,167.7
52.067,124.9,-74.27,166.6
52.100,124.9,-74.27,170.7
52.133,124.9,-74.27,149.0
52.167,124.9,-74.27,140.8
52.200,124.9,-74.27,136.7
52.233,124.9,-74.27,141.1
52.267,124.9,-74.27,138.1
52.300,124.9,-74.27,153.7
52.333,124.9,-74.27,153.0
52.367,124.9,-74.27,166.2
52.400,124.9,-74.27,171.2
52.433,124.9,-74.27,181.0
52.467,124.9,-74.27,169.3
52.500,124.9,-74.27,142.8
52.533,124.9,-74.27,123.0
52.567,124.9,-74.27,129.9
52.600,124.9,-74.27,127.2
52.633,124.9,-74.27,136.4
52.667,124.9,-74.27,143.8
52.700,124.9,-74.27,157.8
52.733,124.9,-74.27,159.7
52.767,124.9,-74.27,169.1
52.800,124.9,-74.27,170.3
52.833,124.9,-74.27,169.7
52.867,124.9,-74.27,148.6
52.900,124.9,-74.27,140.8
52.933,124.9,-74.27,138.2
52.967,124.9,-74.27,137.0
53.000,124.9,-74.27,135.6
53.033,124.9,-74.27,148.5
53.067,124.9,-74.27,153.7
53.100,124.9,-74.27,165.7
53.133,124.9,-74.27,170.4
53.167,124.9,-74.27,178.3
53.200,124.9,-74.27,166.8
53.233,124.9,-74.27,137.4
53.267,124.9,-74.27,120.0
53.300,124.9,-74.27,119.9
53.333,124.9,-74.27,112.2
53.367,124.9,-74.27,117.7
53.400,124.9,-74.27,141.0
53.433,124.9,-74.27,164.5
53.467,124.9,-74.27,166.6
53.500,124.9,-74.27,173.8
53.533,124.9,-74.27,173.5
53.567,124.9,-74.27,174.6
53.600,124.9,-74.27,153.5
53.633,124.9,-74.27,141.5
53.667,124.9,-74.27,127.0
53.700,124.9,-74.27,127.3
53.733,124.9,-74.27,126.6
53.767,124.9,-74.27,142.9
53.800,124.9,-74.27,154.4
53.833,124.9,-74.27,164.3
53.867,124.9,-74.27,168.9
53.900,124.9,-74.27,176.8
53.933,124.9,-74.27,175.3
53.967,124.9,-74.27,154.2
54.000,124.9,-74.27,131.9
54.033,124.9,-74.27,131.3
54.067,124.9,-74.27,126.7
54.100,124.9,-74.27,125.6
54.133,124.9,-74.27,130.5
54.167,124.9,-74.27,149.5
54.200,124.9,-74.27,152.9
54.233,124.9,-74.27,161.9
54.267,124.9,-74.27,164.7
54.300,124.9,-74.27,172.3
54.333,124.9,-74.27,163.3
54.367,124.9,-74.27,136.4
54.400,124.9,-74.27,124.7
54.433,124.9,-74.27,134.1
54.467,124.9,-74.27,131.1
54.500,124.9,-74.27,140.6
54.533,124.9,-74.27,152.2
54.567,124.9,-74.27,162.9
54.600,124.9,-74.27,170.9
54.633,124.9,-74.27,180.9
54.667,124.9,-74.27,180.5
54.700,124.9,-74.27,164.6
54.733,124.9,-74.27,135.5
54.767,124.9,-74.27,128.7
54.800,124.9,-74.27,128.8
54.833,124.9,-74.27,136.0
54.867,124.9,-74.27,136.6
54.900,124.9,-74.27,151.3
54.933,124.9,-74.27,153.1
54.967,124.9,-74.27,159.2
55.000,124.9,-74.27,159.8
55.033,124.9,-74.27,163.7
55.067,124.9,-74.27,157.8
55.100,124.9,-74.27,150.4
55.133,124.9,-74.27,142.3
55.167,124.9,-74.27,140.3
55.200,124.9,-74.27,134.3
55.233,124.9,-74.27,138.9
55.267,124.9,-74.27,147.9
55.300,124.9,-74.27,158.6
55.333,124.9,-74.27,164.5
55.367,124.9,-74.27,175.1
55.400,124.9,-74.27,178.1
55.433,124.9,-74.27,177.0
55.467,124.9,-74.27,146.5
55.500,124.9,-74.27,131.4
55.533,124.9,-74.27,132.5
55.567,124.9,-74.27,142.0
55.600,124.9,-74.27,140.9
55.633,124.9,-74.27,149.0
55.667,124.9,-74.27,153.3
55.700,124.9,-74.27,157.1
55.733,124.9,-74.27,159.5
55.767,124.9,-74.27,158.9
55.800,124.9,-74.27,157.8
55.833,124.9,-74.27,154.5
55.867,124.9,-74.27,146.1
55.900,124.9,-74.27,145.2
55.933,124.9,-74.27,143.1
55.967,124.9,-74.27,142.6
56.000,124.9,-74.27,146.8
56.033,124.9,-74.27,155.8
56.067,124.9,-74.27,163.4
56.100,124.9,-74.27,171.2
56.133,124.9,-74.27,173.9
56.167,124.9,-74.27,170.8
56.200,124.9,-74.27,146.4
56.233,124.9,-74.27,136.7
56.267,124.9,-74.27,135.8
56.300,124.9,-74.27,134.5
56.333,124.9,-74.27,136.8
56.367,124.9,-74.27,148.1
56.400,124.9,-74.27,154.9
56.433,124.9,-74.27,158.5
56.467,124.9,-74.27,165.4
56.500,124.9,-74.27,170.7
56.533,124.9,-74.27,171.2
56.567,124.9,-74.27,148.7
56.600,124.9,-74.27,134.2
56.633,124.9,-74.27,132.0
56.667,124.9,-74.27,131.1
56.700,124.9,-74.27,136.2
56.733,124.9,-74.27,146.3
56.767,124.9,-74.27,155.2
56.800,124.9,-74.27,165.5
56.833,124.9,-74.27,172.5
56.867,124.9,-74.27,177.2
56.900,124.9,-74.27,176.2
56.933,124.9,-74.27,142.9
56.967,124.9,-74.27,127.9
57.000,124.9,-74.27,128.0
57.033,124.9,-74.27,125.0
57.067,124.9,-74.27,128.4
57.100,124.9,-74.27,138.7
57.133,124.9,-74.27,154.7
57.167,124.9,-74.27,160.1
57.200,124.9,-74.27,163.0
57.233,124.9,-74.27,161.6
57.267,124.9,-74.27,159.5
57.300,124.9,-74.27,153.9
57.333,124.9,-74.27,143.6
57.367,124.9,-74.27,141.3
57.400,124.9,-74.27,144.0
57.433,124.9,-74.27,142.9
57.467,124.9,-74.27,147.6
57.500,124.9,-74.27,150.7
57.533,124.9,-74.27,156.1
57.567,124.9,-74.27,163.2
57.600,124.9,-74.27,171.6
57.633,124.9,-74.27,173.5
57.667,124.9,-74.27,154.9
57.700,124.9,-74.27,135.5
57.733,124.9,-74.27,130.6
57.767,124.9,-74.27,130.3
57.800,124.9,-74.27,133.0
57.833,124.9,-74.27,139.7
57.867,124.9,-74.27,152.2
57.900,124.9,-74.27,161.9
57.933,124.9,-74.27,167.3
57.967,124.9,-74.27,170.0
58.000,124.9,-74.27,171.7
58.033,124.9,-74.27,158.7
58.067,124.9,-74.27,147.7
58.100,124.9,-74.27,138.9
58.133,124.9,-74.27,138.8
58.167,124.9,-74.27,141.4
58.200,124.9,-74.27,147.1
58.233,124.9,-74.27,150.6
58.267,124.9,-74.27,160.6
58.300,124.9,-74.27,162.6
58.333,124.9,-74.27,165.2
58.367,124.9,-74.27,169.3
58.400,124.9,-74.27,154.5
58.433,124.9,-74.27,134.5
58.467,124.9,-74.27,129.4
58.500,124.9,-74.27,129.2
58.533,124.9,-74.27,131.2
58.567,124.9,-74.27,134.2
58.600,124.9,-74.27,151.4
58.633,124.9,-74.27,158.6
58.667,124.9,-74.27,165.1
58.700,124.9,-74.27,169.6
58.733,124.9,-74.27,174.3
58.767,124.9,-74.27,162.7
58.800,124.9,-74.27,136.8
58.833,124.9,-74.27,126.7
58.867,124.9,-74.27,130.0
58.900,124.9,-74.27,131.0
58.933,124.9,-74.27,143.3
58.967,124.9,-74.27,149.7
59.000,124.9,-74.27,159.4
59.033,124.9,-74.27,162.7
59.067,124.9,-74.27,171.0
59.100,124.9,-74.27,167.8
59.133,124.9,-74.27,157.9
59.167,124.9,-74.27,146.9
59.200,124.9,-74.27,148.0
59.233,124.9,-74.27,141.2
59.267,124.9,-74.27,138.0
59.300,124.9,-74.27,138.8
59.333,124.9,-74.27,153.8
59.367,124.9,-74.27,159.7
59.400,124.9,-74.27,168.7
59.433,124.9,-74.27,172.3
59.467,124.9,-74.27,173.1
59.500,124.9,-74.27,156.0
59.533,124.9,-74.27,140.2
59.567,124.9,-74.27,131.8
59.600,124.9,-74.27,132.2
59.633,124.9,-74.27,132.5
59.667,124.9,-74.27,147.0
59.700,124.9,-74.27,150.5
59.733,124.9,-74.27,162.1
59.767,124.9,-74.27,166.2
59.800,124.9,-74.27,174.2
59.833,124.9,-74.27,171.8
59.867,124.9,-74.27,160.4
59.900,124.9,-74.27,135.0
59.933,124.9,-74.27,134.3
59.967,124.9,-74.27,133.6
60.000,124.9,-74.27,131.0
60.033,124.9,-74.27,129.9
60.067,124.9,-74.27,153.0
60.100,124.9,-74.27,160.3
60.133,124.9,-74.27,169.7
60.167,124.9,-74.27,172.4
60.200,124.9,-74.27,177.2
60.233,124.9,-74.27,163.7
60.267,124.9,-74.27,139.6
60.300,124.9,-74.27,125.0
60.333,124.9,-74.27,130.0
60.367,124.9,-74.27,126.5
60.400,124.9,-74.27,136.4
60.433,124.9,-74.27,148.3
60.467,124.9,-74.27,160.0
60.500,124.9,-74.27,163.9
60.533,124.9,-74.27,177.5
60.567,124.9,-74.27,177.1
60.600,124.9,-74.27,171.8
60.633,124.9,-74.27,142.0
60.667,124.9,-74.27,132.8
60.700,124.9,-74.27,129.5
60.733,124.9,-74.27,131.1
60.767,124.9,-74.27,128.5
60.800,124.9,-74.27,146.8
60.833,124.9,-74.27,150.7
60.867,124.9,-74.27,163.9
60.900,124.9,-74.27,166.1
60.933,124.9,-74.27,175.3
60.967,124.9,-74.27,168.6
61.000,124.9,-74.27,159.4
61.033,124.9,-74.27,138.9
61.067,124.9,-74.27,140.5
61.100,124.9,-74.27,134.3
61.133,124.9,-74.27,138.0
61.167,124.9,-74.27,139.8
61.200,124.9,-74.27,155.6
61.233,124.9,-74.27,154.7
61.267,124.9,-74.27,161.7
61.300,124.9,-74.27,158.6
61.333,124.9,-74.27,164.3
61.367,124.9,-74.27,149.3
61.400,124.9,-74.27,141.2
61.433,124.9,-74.27,132.0
61.467,124.9,-74.27,135.5
61.500,124.9,-74.27,131.8
61.533,124.9,-74.27,141.9
61.567,124.9,-74.27,146.3
61.600,124.9,-74.27,158.1
61.633,124.9,-74.27,159.7
61.667,124.9,-74.27,169.5
61.700,124.9,-74.27,164.2
61.733,124.9,-74.27,159.6
61.767,124.9,-74.27,138.4
61.800,124.9,-74.27,136.6
61.833,124.9,-74.27,127.6
61.867,124.9,-74.27,133.4
61.900,124.9,-74.27,136.2
61.933,124.9,-74.27,156.0
61.967,124.9,-74.27,159.3
62.000,124.9,-74.27,173.2
62.033,124.9,-74.27,171.1
62.067,124.9,-74.27,176.8
62.100,124.9,-74.27,164.6
62.133,124.9,-74.27,148.9
62.167,124.9,-74.27,140.6
62.200,124.9,-74.27,147.1
62.233,124.9,-74.27,143.7
62.267,124.9,-74.27,148.5
62.300,124.9,-74.27,144.1
62.333,124.9,-74.27,157.9
62.367,124.9,-74.27,160.8
62.400,124.9,-74.27,172.3
62.433,124.9,-74.27,167.0
62.467,124.9,-74.27,171.4
62.500,124.9,-74.27,150.6
62.533,124.9,-74.27,142.9
62.567,124.9,-74.27,130.0
62.600,124.9,-74.27,130.8
62.633,124.9,-74.27,124.8
62.667,124.9,-74.27,147.6
62.700,124.9,-74.27,151.1
62.733,124.9,-74.27,165.6
62.767,124.9,-74.27,164.1
62.800,124.9,-74.27,170.4
62.833,124.9,-74.27,166.7
62.867,124.9,-74.27,156.7
62.900,124.9,-74.27,135.5
62.933,124.9,-74.27,132.6
62.967,124.9,-74.27,124.5
63.000,124.9,-74.27,131.2
63.033,124.9,-74.27,130.1
63.067,124.9,-74.27,149.4
63.100,124.9,-74.27,149.5
63.133,124.9,-74.27,162.5
63.167,124.9,-74.27,157.7
63.200,124.9,-74.27,168.2
63.233,124.9,-74.27,164.2
63.267,124.9,-74.27,151.7
63.300,124.9,-74.27,133.9
63.333,124.9,-74.27,127.9
63.367,124.9,-74.27,122.0
63.400,124.9,-74.27,135.6
63.433,124.9,-74.27,145.4
63.467,124.9,-74.27,162.5
63.500,124.9,-74.27,161.3
63.533,124.9,-74.27,173.2
63.567,124.9,-74.27,173.0
63.600,124.9,-74.27,177.7
63.633,124.9,-74.27,143.4
63.667,124.9,-74.27,134.2
63.700,124.9,-74.27,125.1
63.733,124.9,-74.27,133.8
63.767,124.9,-74.27,128.0
63.800,124.9,-74.27,144.6
63.833,124.9,-74.27,148.4
63.867,124.9,-74.27,163.5
63.900,124.9,-74.27,165.1
63.933,124.9,-74.27,174.3
63.967,124.9,-74.27,170.2
64.000,124.9,-74.27,168.0
64.033,124.9,-74.27,133.9
64.067,124.9,-74.27,137.2
64.100,124.9,-74.27,131.5
64.133,124.9,-74.27,140.8
64.167,124.9,-74.27,139.2
64.200,124.9,-74.27,153.1
64.233,124.9,-74.27,150.7
64.267,124.9,-74.27,164.1
64.300,124.9,-74.27,164.2
64.333,124.9,-74.27,175.3
64.367,124.9,-74.27,159.6
64.400,124.9,-74.27,140.1
64.433,124.9,-74.27,126.4
64.467,124.9,-74.27,133.3
64.500,124.9,-74.27,127.1
64.533,124.9,-74.27,138.1
64.567,124.9,-74.27,142.9
64.600,124.9,-74.27,159.8
64.633,124.9,-74.27,159.5
64.667,124.9,-74.27,170.2
64.700,124.9,-74.27,164.8
64.733,124.9,-74.27,168.0
64.767,124.9,-74.27,140.2
64.800,124.9,-74.27,134.7
64.833,124.9,-74.27,125.2
64.867,124.9,-74.27,136.8
64.900,124.9,-74.27,130.4
64.933,124.9,-74.27,147.8
64.967,124.9,-74.27,148.7
65.000,124.9,-74.27,161.7
65.033,124.9,-74.27,159.1
65.067,124.9,-74.27,172.1
65.100,124.9,-74.27,163.7
65.133,124.9,-74.27,153.9
65.167,124.9,-74.27,134.6
65.200,124.9,-74.27,141.0
65.233,124.9,-74.27,136.5
65.267,124.9,-74.27,147.0
65.300,124.9,-74.27,138.9
65.333,124.9,-74.27,151.3
65.367,124.9,-74.27,146.8
65.400,124.9,-74.27,161.4
65.433,124.9,-74.27,158.0
65.467,124.9,-74.27,169.0
65.500,124.9,-74.27,151.6
65.533,124.9,-74.27,141.2
65.567,124.9,-74.27,127.7
65.600,124.9,-74.27,139.7
65.633,124.9,-74.27,132.0
65.667,124.9,-74.27,146.6
65.700,124.9,-74.27,146.3
65.733,124.9,-74.27,160.5
65.767,124.9,-74.27,153.2
65.800,124.9,-74.27,160.0
65.833,124.9,-74.27,155.4
65.867,124.9,-74.27,160.8
65.900,124.9,-74.27,142.7
65.933,124.9,-74.27,146.0
65.967,124.9,-74.27,135.5
66.000,124.9,-74.27,144.4
66.033,124.9,-74.27,130.8
66.067,124.9,-74.27,149.9
66.100,124.9,-74.27,147.2
66.133,124.9,-74.27,164.1
66.167,124.9,-74.27,159.4
66.200,124.9,-74.27,167.9
66.233,124.9,-74.27,155.1
66.267,124.9,-74.27,150.1
66.300,124.9,-74.27,132.3
66.333,124.9,-74.27,143.7
66.367,124.9,-74.27,132.4
66.400,124.9,-74.27,140.9
66.433,124.9,-74.27,146.4
66.467,124.9,-74.27,162.7
66.500,124.9,-74.27,157.8
66.533,124.9,-74.27,170.7
66.567,124.9,-74.27,167.1
66.600,124.9,-74.27,169.0
66.633,124.9,-74.27,144.0
66.667,124.9,-74.27,149.9
66.700,124.9,-74.27,144.5
66.733,124.9,-74.27,156.6
66.767,124.9,-74.27,141.1
66.800,124.9,-74.27,147.6
66.833,124.9,-74.27,144.3
66.867,124.9,-74.27,159.1
66.900,124.9,-74.27,158.9
66.933,124.9,-74.27,173.6
66.967,124.9,-74.27,161.2
67.000,124.9,-74.27,150.7
67.033,124.9,-74.27,134.3
67.067,124.9,-74.27,139.4
67.100,124.9,-74.27,134.2
67.133,124.9,-74.27,148.3
67.167,124.9,-74.27,140.9
67.200,124.9,-74.27,154.0
67.233,124.9,-74.27,152.0
67.267,124.9,-74.27,166.0
67.300,124.9,-74.27,162.8
67.333,124.9,-74.27,173.3
67.367,124.9,-74.27,137.3
67.400,124.9,-74.27,133.6
67.433,124.9,-74.27,120.6
67.467,124.9,-74.27,135.7
67.500,124.9,-74.27,126.7
67.533,124.9,-74.27,146.6
67.567,124.9,-74.27,145.9
67.600,124.9,-74.27,162.9
67.633,124.9,-74.27,155.8
67.667,124.9,-74.27,167.5
67.700,124.9,-74.27,155.9
67.733,124.9,-74.27,153.1
67.767,124.9,-74.27,126.8
67.800,124.9,-74.27,126.8
67.833,124.9,-74.27,134.7
67.867,124.9,-74.27,117.6
67.900,124.9,-74.27,120.8
67.933,124.9,-74.27,126.0
67.967,124.9,-74.27,159.2
68.000,124.9,-74.27,157.0
68.033,124.9,-74.27,172.5
68.067,124.9,-74.27,170.1
68.100,124.9,-74.27,178.9
68.133,124.9,-74.27,157.4
68.167,124.9,-74.27,137.6
68.200,124.9,-74.27,122.2
68.233,124.9,-74.27,127.5
68.267,124.9,-74.27,121.4
68.300,124.9,-74.27,140.6
68.333,124.9,-74.27,142.6
68.367,124.9,-74.27,158.9
68.400,124.9,-74.27,156.3
68.433,124.9,-74.27,170.6
68.467,124.9,-74.27,163.4
68.500,124.9,-74.27,166.3
68.533,124.9,-74.27,140.9
68.567,124.9,-74.27,146.1
68.600,124.9,-74.27,132.1
68.633,124.9,-74.27,143.8
68.667,124.9,-74.27,135.3
68.700,124.9,-74.27,154.9
68.733,124.9,-74.27,150.7
68.767,124.9,-74.27,167.3
68.800,124.9,-74.27,162.1
68.833,124.9,-74.27,175.4
68.867,124.9,-74.27,166.5
68.900,124.9,-74.27,149.6
68.933,124.9,-74.27,128.9
68.967,124.9,-74.27,138.4
69.000,124.9,-74.27,128.4
69.033,124.9,-74.27,140.8
69.067,124.9,-74.27,138.9
69.100,124.9,-74.27,158.1
69.133,124.9,-74.27,153.5
69.167,124.9,-74.27,171.6
69.200,124.9,-74.27,167.3
69.233,124.9,-74.27,171.3
69.267,124.9,-74.27,142.3
69.300,124.9,-74.27,143.9
69.333,124.9,-74.27,129.6
69.367,124.9,-74.27,138.6
69.400,124.9,-74.27,127.7
69.433,124.9,-74.27,154.4
69.467,124.9,-74.27,147.0
69.500,124.9,-74.27,163.8
69.533,124.9,-74.27,158.1
69.567,124.9,-74.27,172.9
69.600,124.9,-74.27,158.6
69.633,124.9,-74.27,147.7
69.667,124.9,-74.27,117.2
69.700,124.9,-74.27,125.0
69.733,124.9,-74.27,111.1
69.767,124.9,-74.27,125.2
69.800,124.9,-74.27,134.0
69.833,124.9,-74.27,158.9
69.867,124.9,-74.27,156.2
69.900,124.9,-74.27,175.0
69.933,124.9,-74.27,167.6
69.967,124.9,-74.27,175.2
70.000,124.9,-74.27,141.9
70.033,124.9,-74.27,141.0
70.067,124.9,-74.27,125.0
70.100,124.9,-74.27,134.5
70.133,124.9,-74.27,130.0
70.167,124.9,-74.27,149.1
70.200,124.9,-74.27,146.8
70.233,124.9,-74.27,166.4
70.267,124.9,-74.27,161.6
70.300,124.9,-74.27,174.2
70.333,124.9,-74.27,165.5
70.367,124.9,-74.27,153.7
70.400,124.9,-74.27,130.0
70.433,124.9,-74.27,139.7
70.467,124.9,-74.27,125.9
70.500,124.9,-74.27,140.9
70.533,124.9,-74.27,135.9
70.567,124.9,-74.27,152.7
70.600,124.9,-74.27,146.6
70.633,124.9,-74.27,164.3
70.667,124.9,-74.27,160.8
70.700,124.9,-74.27,171.0
70.733,124.9,-74.27,147.7
70.767,124.9,-74.27,141.7
70.800,124.9,-74.27,123.8
70.833,124.9,-74.27,138.1
70.867,124.9,-74.27,125.4
70.900,124.9,-74.27,146.4
70.933,124.9,-74.27,147.9
70.967,124.9,-74.27,164.4
71.000,124.9,-74.27,157.6
71.033,124.9,-74.27,176.3
