region_D
t,x,y,luma
0.000,409.4,-197.6,182.0
0.033,409.4,-197.6,128.1
0.067,409.4,-197.6,126.7
0.100,409.4,-197.6,115.2
0.133,409.4,-197.6,118.5
0.167,409.4,-197.6,107.9
0.200,409.4,-197.6,112.0
0.233,409.4,-197.6,105.9
0.267,409.4,-197.6,112.4
0.300,409.4,-197.6,110.8
0.333,409.4,-197.6,140.8
0.367,409.4,-197.6,142.8
0.400,409.4,-197.6,153.7
0.433,409.4,-197.6,145.9
0.467,409.4,-197.6,152.3
0.500,409.4,-197.6,136.7
0.533,409.4,-197.6,132.8
0.567,409.4,-197.6,117.3
0.600,409.4,-197.6,118.4
0.633,409.4,-197.6,108.5
0.667,409.4,-197.6,114.7
0.700,409.4,-197.6,110.4
0.733,409.4,-197.6,138.7
0.767,409.4,-197.6,134.9
0.800,409.4,-197.6,138.5
0.833,409.4,-197.6,131.2
0.867,409.4,-197.6,134.5
0.900,409.4,-197.6,123.7
0.933,410.4,-178.4,166.3
0.967,410.4,-178.4,133.8
1.000,410.4,-178.4,105.9
1.033,410.4,-178.4,108.6
1.067,410.4,-178.4,101.0
1.100,410.4,-178.4,107.9
1.133,410.4,-178.4,135.2
1.167,410.4,-178.4,171.6
1.200,410.4,-178.4,162.7
1.233,410.4,-178.4,178.4
1.267,410.4,-178.4,181.9
1.300,410.4,-178.4,191.3
1.333,410.4,-178.4,183.7
1.367,410.4,-178.4,188.1
1.400,410.4,-178.4,142.8
1.433,410.4,-178.4,111.8
1.467,410.4,-178.4,103.6
1.500,410.4,-178.4,111.9
1.533,410.4,-178.4,126.3
1.567,410.4,-178.4,174.6
1.600,410.4,-178.4,165.4
1.633,410.4,-178.4,173.9
1.667,410.4,-178.4,174.2
1.700,410.4,-178.4,190.5
1.733,410.4,-178.4,185.4
1.767,410.4,-178.4,187.7
1.800,410.4,-178.4,148.9
1.833,410.4,-178.4,113.7
1.867,410.4,-178.4,105.9
1.900,410.4,-178.4,110.7
1.933,410.4,-178.4,106.2
1.967,410.4,-178.4,117.6
2.000,410.4,-178.4,160.6
2.033,410.4,-178.4,180.6
2.067,410.4,-178.4,172.7
2.100,410.4,-178.4,189.2
2.133,410.4,-178.4,190.0
2.167,410.4,-178.4,197.5
2.200,410.4,-178.4,192.2
2.233,410.4,-178.4,181.0
2.267,410.4,-178.4,123.0
2.300,410.4,-178.4,114.1
2.333,410.4,-178.4,105.2
2.367,410.4,-178.4,110.7
2.400,410.4,-178.4,150.5
2.433,410.4,-178.4,180.3
2.467,410.4,-178.4,166.0
2.500,410.4,-178.4,175.4
2.533,410.4,-178.4,182.2
2.567,410.4,-178.4,193.4
2.600,410.4,-178.4,185.6
2.633,410.4,-178.4,181.1
2.667,410.4,-178.4,137.1
2.700,410.4,-178.4,112.7
2.733,410.4,-178.4,104.3
2.767,410.4,-178.4,107.7
2.800,410.4,-178.4,102.7
2.833,410.4,-178.4,122.7
2.867,410.4,-178.4,159.2
2.900,410.4,-178.4,168.9
2.933,410.4,-178.4,173.4
2.967,410.4,-178.4,184.3
3.000,410.4,-178.4,186.0
3.033,410.4,-178.4,189.8
3.067,410.4,-178.4,187.1
3.100,410.4,-178.4,170.7
3.133,410.4,-178.4,116.7
3.167,410.4,-178.4,109.9
3.200,410.4,-178.4,104.2
3.233,410.4,-178.4,118.0
3.267,410.4,-178.4,146.9
3.300,410.4,-178.4,167.9
3.333,410.4,-178.4,157.8
3.367,410.4,-178.4,173.7
3.400,410.4,-178.4,171.0
3.433,410.4,-178.4,171.0
3.467,410.4,-178.4,178.1
3.500,410.4,-178.4,179.8
3.533,410.4,-178.4,179.5
3.567,410.4,-178.4,141.6
3.600,410.4,-178.4,107.7
3.633,410.4,-178.4,104.2
3.667,410.4,-178.4,109.7
3.700,410.4,-178.4,102.6
3.733,410.4,-178.4,117.7
3.767,410.4,-178.4,159.0
3.800,410.4,-178.4,167.3
3.833,410.4,-178.4,162.3
3.867,410.4,-178.4,172.9
3.900,410.4,-178.4,174.0
3.933,410.4,-178.4,178.5
3.967,410.4,-178.4,175.8
4.000,410.4,-178.4,162.0
4.033,410.4,-178.4,115.7
4.067,410.4,-178.4,107.4
4.100,410.4,-178.4,105.5
4.133,410.4,-178.4,108.4
4.167,410.4,-178.4,137.7
4.200,410.4,-178.4,163.9
4.233,410.4,-178.4,155.9
4.267,410.4,-178.4,159.7
4.300,410.4,-178.4,166.4
4.333,410.4,-178.4,173.0
4.367,410.4,-178.4,167.2
4.400,410.4,-178.4,169.5
4.433,410.4,-178.4,133.7
4.467,410.4,-178.4,109.1
4.500,410.4,-178.4,103.3
4.533,410.4,-178.4,106.6
4.567,410.4,-178.4,99.8
4.600,410.4,-178.4,114.2
4.633,410.4,-178.4,142.0
4.667,410.4,-178.4,153.6
4.700,410.4,-178.4,155.4
4.733,410.4,-178.4,166.7
4.767,410.4,-178.4,168.4
4.800,410.4,-178.4,172.6
4.833,410.4,-178.4,168.6
4.867,410.4,-178.4,152.9
4.900,410.4,-178.4,104.3
4.933,410.4,-178.4,109.9
4.967,410.4,-178.4,99.8
5.000,410.4,-178.4,106.2
5.033,410.4,-178.4,142.8
5.067,410.4,-178.4,160.7
5.100,410.4,-178.4,150.0
5.133,410.4,-178.4,157.7
5.167,410.4,-178.4,161.0
5.200,410.4,-178.4,169.8
5.233,410.4,-178.4,165.5
5.267,410.4,-178.4,158.1
5.300,410.4,-178.4,117.9
5.333,410.4,-178.4,106.0
5.367,410.4,-178.4,98.5
5.400,410.4,-178.4,103.1
5.433,410.4,-178.4,100.5
5.467,410.4,-178.4,132.3
5.500,410.4,-178.4,149.7
5.533,410.4,-178.4,157.0
5.567,410.4,-178.4,158.2
5.600,410.4,-178.4,170.2
5.633,410.4,-178.4,168.5
5.667,410.4,-178.4,174.4
5.700,410.4,-178.4,168.4
5.733,410.4,-178.4,144.8
5.767,410.4,-178.4,103.4
5.800,410.4,-178.4,108.0
5.833,410.4,-178.4,102.4
5.867,410.4,-178.4,113.8
5.900,410.4,-178.4,152.4
5.933,410.4,-178.4,160.4
5.967,410.4,-178.4,154.7
6.000,410.4,-178.4,162.5
6.033,410.4,-178.4,161.2
6.067,410.4,-178.4,172.6
6.100,410.4,-178.4,167.1
6.133,410.4,-178.4,158.7
6.167,410.4,-178.4,114.8
6.200,410.4,-178.4,108.5
6.233,410.4,-178.4,103.2
6.267,410.4,-178.4,105.7
6.300,410.4,-178.4,102.8
6.333,410.4,-178.4,140.5
6.367,410.4,-178.4,150.7
6.400,410.4,-178.4,160.8
6.433,410.4,-178.4,164.6
6.467,410.4,-178.4,173.3
6.500,410.4,-178.4,175.0
6.533,410.4,-178.4,177.4
6.567,410.4,-178.4,167.3
6.600,410.4,-178.4,137.6
6.633,410.4,-178.4,105.6
6.667,410.4,-178.4,105.1
6.700,410.4,-178.4,105.1
6.733,410.4,-178.4,127.7
6.767,410.4,-178.4,157.0
6.800,410.4,-178.4,158.8
6.833,410.4,-178.4,159.4
6.867,410.4,-178.4,172.4
6.900,410.4,-178.4,170.5
6.933,410.4,-178.4,173.9
6.967,410.4,-178.4,167.8
7.000,410.4,-178.4,151.1
7.033,410.4,-178.4,105.1
7.067,410.4,-178.4,110.3
7.100,410.4,-178.4,101.8
7.133,410.4,-178.4,107.8
7.167,410.4,-178.4,104.1
7.200,410.4,-178.4,155.1
7.233,410.4,-178.4,161.3
7.267,410.4,-178.4,166.6
7.300,410.4,-178.4,164.6
7.333,410.4,-178.4,177.3
7.367,410.4,-178.4,176.5
7.400,410.4,-178.4,178.2
7.433,410.4,-178.4,159.4
7.467,410.4,-178.4,121.2
7.500,410.4,-178.4,102.1
7.533,410.4,-178.4,104.4
7.567,410.4,-178.4,101.5
7.600,410.4,-178.4,134.8
7.633,410.4,-178.4,149.0
7.667,410.4,-178.4,155.0
7.700,410.4,-178.4,146.0
7.733,410.4,-178.4,161.8
7.767,410.4,-178.4,156.1
7.800,410.4,-178.4,159.5
7.833,410.4,-178.4,153.0
7.867,410.4,-178.4,128.5
7.900,410.4,-178.4,101.1
7.933,410.4,-178.4,103.9
7.967,410.4,-178.4,99.7
8.000,410.4,-178.4,100.1
8.033,410.4,-178.4,102.6
8.067,410.4,-178.4,137.9
8.100,410.4,-178.4,138.0
8.133,410.4,-178.4,147.2
8.167,410.4,-178.4,146.2
8.200,410.4,-178.4,159.0
8.233,410.4,-178.4,152.1
8.267,410.4,-178.4,155.6
8.300,410.4,-178.4,135.2
8.333,410.4,-178.4,106.9
8.367,410.4,-178.4,96.9
8.400,410.4,-178.4,102.5
8.433,410.4,-178.4,98.4
8.467,410.4,-178.4,126.6
8.500,410.4,-178.4,139.9
8.533,410.4,-178.4,141.5
8.567,410.4,-178.4,137.6
8.600,410.4,-178.4,142.9
8.633,410.4,-178.4,144.7
8.667,410.4,-178.4,147.3
8.700,410.4,-178.4,139.5
8.733,410.4,-178.4,123.1
8.767,410.4,-178.4,97.4
8.800,410.4,-178.4,100.8
8.833,410.4,-178.4,95.8
8.867,410.4,-178.4,96.4
8.900,410.4,-178.4,102.1
8.933,410.4,-178.4,131.9
8.967,410.4,-178.4,133.7
9.000,410.4,-178.4,140.9
9.033,410.4,-178.4,142.1
9.067,410.4,-178.4,150.7
9.100,410.4,-178.4,149.6
9.133,410.4,-178.4,152.3
9.167,410.4,-178.4,136.6
9.200,410.4,-178.4,103.4
9.233,410.4,-178.4,99.5
9.267,410.4,-178.4,104.8
9.300,410.4,-178.4,95.1
9.333,410.4,-178.4,131.5
9.367,410.4,-178.4,144.6
9.400,410.4,-178.4,145.6
9.433,410.4,-178.4,146.2
9.467,410.4,-178.4,157.6
9.500,410.4,-178.4,161.7
9.533,410.4,-178.4,164.1
9.567,410.4,-178.4,157.3
9.600,410.4,-178.4,131.5
9.633,410.4,-178.4,103.4
9.667,410.4,-178.4,103.7
9.700,410.4,-178.4,103.0
9.733,410.4,-178.4,104.3
9.767,410.4,-178.4,113.1
9.800,410.4,-178.4,149.1
9.833,410.4,-178.4,151.7
9.867,410.4,-178.4,161.5
9.900,410.4,-178.4,163.1
9.933,410.4,-178.4,173.0
9.967,410.4,-178.4,168.3
10.000,410.4,-178.4,171.2
10.033,410.4,-178.4,147.4
10.067,410.4,-178.4,107.9
10.100,410.4,-178.4,104.0
10.133,410.4,-178.4,105.5
10.167,410.4,-178.4,108.0
10.200,410.4,-178.4,150.0
10.233,410.4,-178.4,153.6
10.267,410.4,-178.4,153.2
10.300,410.4,-178.4,155.8
10.333,410.4,-178.4,171.7
10.367,410.4,-178.4,169.5
10.400,410.4,-178.4,174.1
10.433,410.4,-178.4,155.4
10.467,410.4,-178.4,124.2
10.500,410.4,-178.4,103.5
10.533,410.4,-178.4,107.4
10.567,410.4,-178.4,105.9
10.600,410.4,-178.4,105.7
10.633,410.4,-178.4,136.6
10.667,410.4,-178.4,162.4
10.700,410.4,-178.4,160.5
10.733,410.4,-178.4,168.2
10.767,410.4,-178.4,169.4
10.800,410.4,-178.4,178.2
10.833,410.4,-178.4,177.2
10.867,410.4,-178.4,175.4
10.900,410.4,-178.4,141.4
10.933,410.4,-178.4,108.8
10.967,410.4,-178.4,103.0
11.000,410.4,-178.4,105.1
11.033,410.4,-178.4,115.9
11.067,410.4,-178.4,157.6
11.100,410.4,-178.4,160.4
11.133,410.4,-178.4,158.5
11.167,410.4,-178.4,161.3
11.200,410.4,-178.4,173.2
11.233,410.4,-178.4,173.8
11.267,410.4,-178.4,177.3
11.300,410.4,-178.4,165.6
11.333,410.4,-178.4,123.2
11.367,410.4,-178.4,105.7
11.400,410.4,-178.4,106.5
11.433,410.4,-178.4,102.3
11.467,410.4,-178.4,104.6
11.500,410.4,-178.4,129.5
11.533,410.4,-178.4,161.3
11.567,410.4,-178.4,156.2
11.600,410.4,-178.4,167.3
11.633,410.4,-178.4,172.9
11.667,410.4,-178.4,182.8
11.700,410.4,-178.4,179.6
11.733,410.4,-178.4,177.6
11.767,410.4,-178.4,147.3
11.800,410.4,-178.4,111.3
11.833,410.4,-178.4,102.2
11.867,410.4,-178.4,104.9
11.900,410.4,-178.4,108.4
11.933,410.4,-178.4,154.2
11.967,410.4,-178.4,157.5
12.000,410.4,-178.4,158.7
12.033,410.4,-178.4,158.4
12.067,410.4,-178.4,169.8
12.100,410.4,-178.4,170.3
12.133,410.4,-178.4,173.0
12.167,410.4,-178.4,161.7
12.200,410.4,-178.4,131.3
12.233,410.4,-178.4,105.4
12.267,410.4,-178.4,106.4
12.300,410.4,-178.4,101.4
12.333,410.4,-178.4,103.7
12.367,410.4,-178.4,119.0
12.400,410.4,-178.4,149.9
12.433,410.4,-178.4,152.3
12.467,410.4,-178.4,163.2
12.500,410.4,-178.4,166.2
12.533,410.4,-178.4,170.3
12.567,410.4,-178.4,168.8
12.600,410.4,-178.4,170.8
12.633,410.4,-178.4,143.4
12.667,410.4,-178.4,108.3
12.700,410.4,-178.4,101.7
12.733,410.4,-178.4,106.3
12.767,410.4,-178.4,108.9
12.800,410.4,-178.4,153.3
12.833,410.4,-178.4,156.1
12.867,410.4,-178.4,154.0
12.900,410.4,-178.4,158.0
12.933,410.4,-178.4,165.4
12.967,410.4,-178.4,167.2
13.000,410.4,-178.4,166.9
13.033,410.4,-178.4,154.8
13.067,410.4,-178.4,112.1
13.100,410.4,-178.4,101.8
13.133,410.4,-178.4,103.5
13.167,410.4,-178.4,103.3
13.200,410.4,-178.4,103.4
13.233,410.4,-178.4,133.5
13.267,410.4,-178.4,153.5
13.300,410.4,-178.4,148.5
13.333,410.4,-178.4,157.9
13.367,410.4,-178.4,164.6
13.400,410.4,-178.4,170.6
13.433,410.4,-178.4,167.5
13.467,410.4,-178.4,162.7
13.500,410.4,-178.4,121.5
13.533,410.4,-178.4,104.5
13.567,410.4,-178.4,103.0
13.600,410.4,-178.4,102.8
13.633,410.4,-178.4,128.1
13.667,410.4,-178.4,149.2
13.700,410.4,-178.4,145.2
13.733,410.4,-178.4,149.3
13.767,410.4,-178.4,151.1
13.800,410.4,-178.4,163.9
13.833,410.4,-178.4,161.8
13.867,410.4,-178.4,160.9
13.900,410.4,-178.4,130.2
13.933,410.4,-178.4,104.7
13.967,410.4,-178.4,103.0
14.000,410.4,-178.4,99.3
14.033,410.4,-178.4,103.4
14.067,410.4,-178.4,109.7
14.100,410.4,-178.4,138.7
14.133,410.4,-178.4,147.9
14.167,410.4,-178.4,148.0
14.200,410.4,-178.4,155.6
14.233,410.4,-178.4,158.2
14.267,410.4,-178.4,159.3
14.300,410.4,-178.4,159.0
14.333,410.4,-178.4,146.1
14.367,410.4,-178.4,107.4
14.400,410.4,-178.4,101.8
14.433,410.4,-178.4,100.4
14.467,410.4,-178.4,101.6
14.500,410.4,-178.4,133.4
14.533,410.4,-178.4,145.7
14.567,410.4,-178.4,142.9
14.600,410.4,-178.4,146.6
14.633,410.4,-178.4,145.7
14.667,410.4,-178.4,153.1
14.700,410.4,-178.4,154.9
14.733,410.4,-178.4,152.0
14.767,410.4,-178.4,119.2
14.800,410.4,-178.4,101.4
14.833,410.4,-178.4,98.2
14.867,410.4,-178.4,102.4
14.900,410.4,-178.4,101.6
14.933,410.4,-178.4,105.3
14.967,410.4,-178.4,132.8
15.000,410.4,-178.4,140.3
15.033,410.4,-178.4,139.3
15.067,410.4,-178.4,147.8
15.100,410.4,-178.4,152.9
15.133,410.4,-178.4,152.8
15.167,410.4,-178.4,152.6
15.200,410.4,-178.4,142.3
15.233,410.4,-178.4,111.7
15.267,410.4,-178.4,101.1
15.300,410.4,-178.4,100.9
15.333,410.4,-178.4,100.4
15.367,410.4,-178.4,121.0
15.400,410.4,-178.4,142.6
15.433,410.4,-178.4,140.1
15.467,410.4,-178.4,143.8
15.500,410.4,-178.4,148.5
15.533,410.4,-178.4,154.2
15.567,410.4,-178.4,156.4
15.600,410.4,-178.4,156.4
15.633,410.4,-178.4,131.8
15.667,410.4,-178.4,103.0
15.700,410.4,-178.4,99.7
15.733,410.4,-178.4,102.2
15.767,410.4,-178.4,99.0
15.800,410.4,-178.4,104.3
15.833,410.4,-178.4,132.0
15.867,410.4,-178.4,147.1
15.900,410.4,-178.4,147.3
15.933,410.4,-178.4,152.4
15.967,410.4,-178.4,156.5
16.000,410.4,-178.4,158.9
16.033,410.4,-178.4,159.4
16.067,410.4,-178.4,149.4
16.100,410.4,-178.4,111.1
16.133,410.4,-178.4,100.4
16.167,410.4,-178.4,100.2
16.200,410.4,-178.4,99.6
16.233,410.4,-178.4,128.1
16.267,410.4,-178.4,149.7
16.300,410.4,-178.4,142.5
16.333,410.4,-178.4,146.7
16.367,410.4,-178.4,149.5
16.400,410.4,-178.4,154.7
16.433,410.4,-178.4,153.4
16.467,410.4,-178.4,149.4
16.500,410.4,-178.4,122.1
16.533,410.4,-178.4,100.1
16.567,410.4,-178.4,100.7
16.600,410.4,-178.4,99.9
16.633,410.4,-178.4,99.3
16.667,410.4,-178.4,101.9
16.700,410.4,-178.4,132.4
16.733,410.4,-178.4,139.7
16.767,410.4,-178.4,138.7
16.800,410.4,-178.4,143.2
16.833,410.4,-178.4,148.2
16.867,410.4,-178.4,148.8
16.900,410.4,-178.4,146.7
16.933,410.4,-178.4,138.9
16.967,410.4,-178.4,102.2
17.000,410.4,-178.4,97.0
17.033,410.4,-178.4,95.5
17.067,410.4,-178.4,95.8
17.100,410.4,-178.4,109.3
17.133,410.4,-178.4,126.0
17.167,410.4,-178.4,125.2
17.200,410.4,-178.4,125.9
17.233,410.4,-178.4,128.5
17.267,410.4,-178.4,131.1
17.300,410.4,-178.4,131.9
17.333,410.4,-178.4,128.6
17.367,410.4,-178.4,111.8
17.400,410.4,-178.4,94.3
17.433,410.4,-178.4,91.8
17.467,410.4,-178.4,93.2
17.500,410.4,-178.4,93.7
17.533,410.4,-178.4,95.8
17.567,410.4,-178.4,119.0
17.600,410.4,-178.4,131.1
17.633,410.4,-178.4,133.1
17.667,410.4,-178.4,136.7
17.700,410.4,-178.4,139.9
17.733,410.4,-178.4,141.8
17.767,410.4,-178.4,142.7
17.800,410.4,-178.4,132.4
17.833,410.4,-178.4,102.0
17.867,410.4,-178.4,96.1
17.900,410.4,-178.4,95.3
17.933,410.4,-178.4,95.6
17.967,410.4,-178.4,116.1
18.000,410.4,-178.4,136.6
18.033,410.4,-178.4,133.1
18.067,410.4,-178.4,137.6
18.100,410.4,-178.4,142.8
18.133,410.4,-178.4,143.3
18.167,410.4,-178.4,145.8
18.200,410.4,-178.4,142.8
18.233,410.4,-178.4,116.5
18.267,410.4,-178.4,96.4
18.300,410.4,-178.4,95.8
18.333,410.4,-178.4,97.6
18.367,410.4,-178.4,95.5
18.400,410.4,-178.4,106.9
18.433,410.4,-178.4,135.3
18.467,410.4,-178.4,139.2
18.500,410.4,-178.4,140.0
18.533,410.4,-178.4,142.7
18.567,410.4,-178.4,148.5
18.600,410.4,-178.4,151.4
18.633,410.4,-178.4,149.5
18.667,410.4,-178.4,135.9
18.700,410.4,-178.4,103.4
18.733,410.4,-178.4,100.0
18.767,410.4,-178.4,100.1
18.800,410.4,-178.4,100.8
18.833,410.4,-178.4,128.6
18.867,410.4,-178.4,144.6
18.900,410.4,-178.4,135.3
18.933,410.4,-178.4,141.6
18.967,410.4,-178.4,150.6
19.000,410.4,-178.4,152.4
19.033,410.4,-178.4,152.7
19.067,410.4,-178.4,149.4
19.100,410.4,-178.4,118.2
19.133,410.4,-178.4,102.8
19.167,410.4,-178.4,102.8
19.200,410.4,-178.4,103.8
19.233,410.4,-178.4,104.3
19.267,410.4,-178.4,111.5
19.300,410.4,-178.4,139.8
19.333,410.4,-178.4,143.7
19.367,410.4,-178.4,145.1
19.400,410.4,-178.4,153.7
19.433,410.4,-178.4,156.3
19.467,410.4,-178.4,154.6
19.500,410.4,-178.4,153.2
19.533,410.4,-178.4,136.8
19.567,410.4,-178.4,102.2
19.600,410.4,-178.4,100.2
19.633,410.4,-178.4,99.7
19.667,410.4,-178.4,136.6
19.767,410.4,-178.4,142.7
19.800,410.4,-178.4,139.9
19.833,410.4,-178.4,141.3
19.867,410.4,-178.4,146.9
19.900,410.4,-178.4,149.1
19.933,410.4,-178.4,150.0
19.967,410.4,-178.4,139.5
20.000,410.4,-178.4,109.1
20.033,410.4,-178.4,99.0
20.067,410.4,-178.4,98.5
20.100,410.4,-178.4,98.1
20.133,410.4,-178.4,98.8
20.167,410.4,-178.4,117.0
20.200,410.4,-178.4,135.8
20.233,410.4,-178.4,137.5
20.267,410.4,-178.4,144.4
20.300,410.4,-178.4,146.5
20.333,410.4,-178.4,151.4
20.367,410.4,-178.4,149.2
20.400,410.4,-178.4,145.9
20.433,410.4,-178.4,113.2
20.467,410.4,-178.4,99.6
20.500,410.4,-178.4,97.9
20.533,410.4,-178.4,97.8
20.567,410.4,-178.4,108.3
20.600,410.4,-178.4,138.3
20.633,410.4,-178.4,134.4
20.667,410.4,-178.4,136.2
20.700,410.4,-178.4,140.6
20.733,410.4,-178.4,141.6
20.767,410.4,-178.4,141.6
20.800,410.4,-178.4,138.3
20.833,410.4,-178.4,121.5
20.867,410.4,-178.4,97.9
20.900,410.4,-178.4,97.5
20.933,410.4,-178.4,97.2
20.967,410.4,-178.4,95.4
21.000,410.4,-178.4,98.1
21.033,410.4,-178.4,118.7
21.067,410.4,-178.4,131.3
21.100,410.4,-178.4,129.5
21.133,410.4,-178.4,135.9
21.167,410.4,-178.4,139.6
21.200,410.4,-178.4,143.3
21.233,410.4,-178.4,143.6
21.267,410.4,-178.4,132.8
21.300,410.4,-178.4,103.1
21.333,410.4,-178.4,96.0
21.367,410.4,-178.4,93.8
21.400,410.4,-178.4,96.6
21.433,410.4,-178.4,115.3
21.467,410.4,-178.4,130.0
21.500,410.4,-178.4,127.0
21.533,410.4,-178.4,133.3
21.567,410.4,-178.4,138.4
21.600,410.4,-178.4,143.6
21.633,410.4,-178.4,143.9
21.667,410.4,-178.4,139.2
21.700,410.4,-178.4,109.6
21.733,410.4,-178.4,99.1
21.767,410.4,-178.4,97.5
21.800,410.4,-178.4,94.4
21.833,410.4,-178.4,94.0
21.867,410.4,-178.4,109.2
21.900,410.4,-178.4,134.0
21.933,410.4,-178.4,136.8
21.967,410.4,-178.4,137.2
22.000,410.4,-178.4,143.4
22.033,410.4,-178.4,145.2
22.067,410.4,-178.4,145.7
22.100,410.4,-178.4,143.8
22.133,410.4,-178.4,124.2
22.167,410.4,-178.4,96.1
22.200,410.4,-178.4,95.4
22.233,410.4,-178.4,94.7
22.267,410.4,-178.4,97.1
22.300,410.4,-178.4,120.9
22.333,410.4,-178.4,131.5
22.367,410.4,-178.4,126.7
22.400,410.4,-178.4,131.3
22.433,410.4,-178.4,132.1
22.467,410.4,-178.4,135.8
22.500,410.4,-178.4,137.5
22.533,410.4,-178.4,132.7
22.567,410.4,-178.4,103.1
22.600,410.4,-178.4,95.3
22.633,410.4,-178.4,90.9
22.667,410.4,-178.4,90.2
22.700,410.4,-178.4,89.9
22.733,410.4,-178.4,106.1
22.767,410.4,-178.4,119.2
22.800,410.4,-178.4,125.4
22.833,410.4,-178.4,126.3
22.867,410.4,-178.4,130.9
22.900,410.4,-178.4,128.5
22.933,410.4,-178.4,136.4
22.967,410.4,-178.4,132.4
23.000,410.4,-178.4,117.3
23.033,410.4,-178.4,92.0
23.067,410.4,-178.4,91.4
23.100,410.4,-178.4,91.3
23.133,410.4,-178.4,92.8
23.167,410.4,-178.4,115.3
23.200,410.4,-178.4,126.6
23.233,410.4,-178.4,118.5
23.267,410.4,-178.4,124.4
23.300,410.4,-178.4,127.2
23.333,410.4,-178.4,130.3
23.367,410.4,-178.4,128.4
23.400,410.4,-178.4,121.6
23.433,410.4,-178.4,96.2
23.467,410.4,-178.4,89.1
23.500,410.4,-178.4,86.5
23.533,410.4,-178.4,88.9
23.567,410.4,-178.4,87.3
23.600,410.4,-178.4,104.4
23.633,410.4,-178.4,113.8
23.667,410.4,-178.4,117.4
23.700,410.4,-178.4,120.6
23.733,410.4,-178.4,122.9
23.767,410.4,-178.4,122.0
23.800,410.4,-178.4,121.9
23.833,410.4,-178.4,118.9
23.867,410.4,-178.4,101.7
23.900,410.4,-178.4,86.1
23.933,410.4,-178.4,88.9
23.967,410.4,-178.4,86.2
24.000,410.4,-178.4,95.7
24.033,410.4,-178.4,111.6
24.067,410.4,-178.4,116.9
24.100,410.4,-178.4,115.0
24.133,410.4,-178.4,118.7
24.167,410.4,-178.4,121.8
24.200,410.4,-178.4,124.4
24.233,410.4,-178.4,123.3
24.267,410.4,-178.4,111.2
24.300,410.4,-178.4,87.0
24.333,410.4,-178.4,90.4
24.367,410.4,-178.4,87.6
24.400,410.4,-178.4,90.7
24.433,410.4,-178.4,90.0
24.467,410.4,-178.4,113.3
24.500,410.4,-178.4,121.1
24.533,410.4,-178.4,124.0
24.567,410.4,-178.4,126.2
24.600,410.4,-178.4,134.2
24.633,410.4,-178.4,134.5
24.667,410.4,-178.4,134.1
24.700,410.4,-178.4,122.7
24.733,410.4,-178.4,96.5
24.767,410.4,-178.4,89.6
24.800,410.4,-178.4,92.8
24.833,410.4,-178.4,90.1
24.867,410.4,-178.4,109.0
24.900,410.4,-178.4,120.1
24.933,410.4,-178.4,122.0
24.967,410.4,-178.4,122.6
25.000,410.4,-178.4,127.2
25.033,410.4,-178.4,129.2
25.067,410.4,-178.4,134.4
25.100,410.4,-178.4,126.6
25.133,410.4,-178.4,108.7
25.167,410.4,-178.4,91.0
25.200,410.4,-178.4,92.2
25.233,410.4,-178.4,90.3
25.267,410.4,-178.4,91.4
25.300,410.4,-178.4,96.7
25.333,410.4,-178.4,123.5
25.367,410.4,-178.4,125.0
25.400,410.4,-178.4,128.9
25.433,410.4,-178.4,131.9
25.467,410.4,-178.4,135.1
25.500,410.4,-178.4,134.4
25.533,410.4,-178.4,134.3
25.567,410.4,-178.4,117.3
25.600,410.4,-178.4,97.0
25.633,410.4,-178.4,89.3
25.667,410.4,-178.4,92.4
25.700,410.4,-178.4,91.8
25.733,410.4,-178.4,110.9
25.767,410.4,-178.4,117.6
25.800,410.4,-178.4,119.0
25.833,410.4,-178.4,118.0
25.867,410.4,-178.4,125.9
25.900,410.4,-178.4,123.1
25.933,410.4,-178.4,128.7
25.967,410.4,-178.4,120.2
26.000,410.4,-178.4,96.9
26.033,410.4,-178.4,86.5
26.067,410.4,-178.4,91.4
26.100,410.4,-178.4,88.3
26.133,410.4,-178.4,93.4
26.167,410.4,-178.4,103.9
26.200,410.4,-178.4,125.8
26.233,410.4,-178.4,124.8
26.267,410.4,-178.4,129.5
26.300,410.4,-178.4,130.8
26.333,410.4,-178.4,133.2
26.367,410.4,-178.4,132.1
26.400,410.4,-178.4,130.3
26.433,410.4,-178.4,106.7
26.467,410.4,-178.4,94.7
26.500,410.4,-178.4,92.7
26.533,410.4,-178.4,95.3
26.567,410.4,-178.4,97.5
26.600,410.4,-178.4,123.2
26.633,410.4,-178.4,121.6
26.667,410.4,-178.4,124.8
26.700,410.4,-178.4,125.9
26.733,410.4,-178.4,133.7
26.767,410.4,-178.4,132.6
26.800,410.4,-178.4,134.7
26.833,410.4,-178.4,113.7
26.867,410.4,-178.4,94.5
26.900,410.4,-178.4,91.8
26.933,410.4,-178.4,94.5
26.967,410.4,-178.4,88.3
27.000,410.4,-178.4,94.2
27.033,410.4,-178.4,115.0
27.067,410.4,-178.4,129.9
27.100,410.4,-178.4,129.0
27.133,410.4,-178.4,134.1
27.167,410.4,-178.4,136.3
27.200,410.4,-178.4,141.7
27.233,410.4,-178.4,137.3
27.267,410.4,-178.4,128.6
27.300,410.4,-178.4,101.0
27.333,410.4,-178.4,98.6
27.367,410.4,-178.4,93.4
27.400,410.4,-178.4,97.3
27.433,410.4,-178.4,111.4
27.467,410.4,-178.4,137.2
27.500,410.4,-178.4,132.5
27.533,410.4,-178.4,139.1
27.567,410.4,-178.4,139.7
27.600,410.4,-178.4,145.5
27.633,410.4,-178.4,147.4
27.667,410.4,-178.4,144.5
27.700,410.4,-178.4,114.9
27.733,410.4,-178.4,102.0
27.767,410.4,-178.4,93.6
27.800,410.4,-178.4,99.2
27.833,410.4,-178.4,95.7
27.867,410.4,-178.4,111.2
27.900,410.4,-178.4,132.1
27.933,410.4,-178.4,138.9
27.967,410.4,-178.4,142.2
28.000,410.4,-178.4,149.7
28.033,410.4,-178.4,149.5
28.067,410.4,-178.4,156.4
28.100,410.4,-178.4,152.5
28.133,410.4,-178.4,128.2
28.167,410.4,-178.4,95.0
28.200,410.4,-178.4,102.7
28.233,410.4,-178.4,95.5
28.267,410.4,-178.4,106.1
28.300,410.4,-178.4,135.2
28.333,410.4,-178.4,138.4
28.367,410.4,-178.4,132.4
28.400,410.4,-178.4,140.7
28.433,410.4,-178.4,143.3
28.467,410.4,-178.4,148.8
28.500,410.4,-178.4,144.3
28.533,410.4,-178.4,131.4
28.567,410.4,-178.4,97.3
28.600,410.4,-178.4,98.4
28.633,410.4,-178.4,95.3
28.667,410.4,-178.4,97.5
28.700,410.4,-178.4,95.9
28.733,410.4,-178.4,121.0
28.767,410.4,-178.4,129.1
28.800,410.4,-178.4,136.9
28.833,410.4,-178.4,136.3
28.867,410.4,-178.4,143.0
28.900,410.4,-178.4,142.8
28.933,410.4,-178.4,144.8
28.967,410.4,-178.4,134.8
29.000,410.4,-178.4,104.5
29.033,410.4,-178.4,87.2
29.067,410.4,-178.4,98.5
29.100,410.4,-178.4,89.9
29.133,410.4,-178.4,112.5
29.167,410.4,-178.4,127.0
29.200,410.4,-178.4,127.6
29.233,410.4,-178.4,125.0
29.267,410.4,-178.4,134.2
29.300,410.4,-178.4,134.0
29.333,410.4,-178.4,142.4
29.367,410.4,-178.4,134.7
29.400,410.4,-178.4,115.6
29.433,410.4,-178.4,92.9
29.467,410.4,-178.4,98.1
29.500,410.4,-178.4,92.3
29.533,410.4,-178.4,100.1
29.567,410.4,-178.4,97.9
29.600,410.4,-178.4,128.9
29.633,410.4,-178.4,129.9
29.667,410.4,-178.4,138.1
29.700,410.4,-178.4,144.5
29.733,410.4,-178.4,148.3
29.767,410.4,-178.4,148.0
29.800,410.4,-178.4,149.1
29.833,410.4,-178.4,132.7
29.867,410.4,-178.4,103.0
29.900,410.4,-178.4,97.1
29.933,410.4,-178.4,97.2
29.967,410.4,-178.4,95.9
30.000,410.4,-178.4,128.2
30.033,410.4,-178.4,139.6
30.067,410.4,-178.4,138.8
30.100,410.4,-178.4,137.5
30.133,410.4,-178.4,148.5
30.167,410.4,-178.4,150.0
30.200,410.4,-178.4,158.3
30.233,410.4,-178.4,148.2
30.267,410.4,-178.4,117.9
30.300,410.4,-178.4,94.7
30.333,410.4,-178.4,103.4
30.367,410.4,-178.4,97.4
30.400,410.4,-178.4,100.7
30.433,410.4,-178.4,106.2
30.467,410.4,-178.4,146.1
30.500,410.4,-178.4,146.4
30.533,410.4,-178.4,151.6
30.567,410.4,-178.4,148.6
30.600,410.4,-178.4,157.2
30.633,410.4,-178.4,155.7
30.667,410.4,-178.4,155.4
30.700,410.4,-178.4,134.0
30.733,410.4,-178.4,106.0
30.767,410.4,-178.4,96.2
30.800,410.4,-178.4,102.7
30.833,410.4,-178.4,100.2
30.867,410.4,-178.4,141.8
30.900,410.4,-178.4,138.2
30.933,410.4,-178.4,143.2
30.967,410.4,-178.4,143.0
31.000,410.4,-178.4,154.2
31.033,410.4,-178.4,156.4
31.067,410.4,-178.4,157.3
31.100,410.4,-178.4,139.5
31.133,410.4,-178.4,108.3
31.167,410.4,-178.4,97.0
31.200,410.4,-178.4,104.2
31.233,410.4,-178.4,96.8
31.267,410.4,-178.4,105.0
31.300,410.4,-178.4,127.7
31.333,410.4,-178.4,148.0
31.367,410.4,-178.4,142.4
31.400,410.4,-178.4,154.7
31.433,410.4,-178.4,154.1
31.467,410.4,-178.4,160.3
31.500,410.4,-178.4,156.5
31.533,410.4,-178.4,151.0
31.567,410.4,-178.4,112.6
31.600,410.4,-178.4,105.0
31.633,410.4,-178.4,96.6
31.667,410.4,-178.4,102.5
31.700,410.4,-178.4,116.4
31.733,410.4,-178.4,147.2
31.767,410.4,-178.4,139.8
31.800,410.4,-178.4,148.2
31.833,410.4,-178.4,148.2
31.867,410.4,-178.4,157.1
31.900,410.4,-178.4,154.0
31.933,410.4,-178.4,155.4
31.967,410.4,-178.4,125.6
32.000,410.4,-178.4,104.7
32.033,410.4,-178.4,94.4
32.067,410.4,-178.4,100.9
32.100,410.4,-178.4,96.7
32.133,410.4,-178.4,105.1
32.167,410.4,-178.4,130.5
32.200,410.4,-178.4,148.8
32.233,410.4,-178.4,142.7
32.267,410.4,-178.4,155.0
32.300,410.4,-178.4,153.1
32.333,410.4,-178.4,162.7
32.367,410.4,-178.4,157.6
32.400,410.4,-178.4,149.3
32.433,410.4,-178.4,106.3
32.467,410.4,-178.4,101.9
32.500,410.4,-178.4,94.4
32.533,410.4,-178.4,100.8
32.567,410.4,-178.4,116.7
32.600,410.4,-178.4,149.0
32.633,410.4,-178.4,137.4
32.667,410.4,-178.4,145.8
32.700,410.4,-178.4,146.9
32.733,410.4,-178.4,154.3
32.767,410.4,-178.4,153.3
32.800,410.4,-178.4,153.4
32.833,410.4,-178.4,119.5
32.867,410.4,-178.4,101.8
32.900,410.4,-178.4,98.6
32.933,410.4,-178.4,100.7
32.967,410.4,-178.4,96.5
33.000,410.4,-178.4,106.9
33.033,410.4,-178.4,130.6
33.067,410.4,-178.4,143.8
33.100,410.4,-178.4,138.9
33.133,410.4,-178.4,150.1
33.167,410.4,-178.4,150.2
33.200,410.4,-178.4,153.3
33.233,410.4,-178.4,149.1
33.267,410.4,-178.4,138.2
33.300,410.4,-178.4,98.1
33.333,410.4,-178.4,102.2
33.367,410.4,-178.4,92.5
33.400,410.4,-178.4,99.3
33.433,410.4,-178.4,120.8
33.467,410.4,-178.4,136.3
33.500,410.4,-178.4,123.1
33.533,410.4,-178.4,133.3
33.567,410.4,-178.4,134.6
33.600,410.4,-178.4,141.6
33.633,410.4,-178.4,137.5
33.667,410.4,-178.4,130.0
33.700,410.4,-178.4,98.1
33.733,410.4,-178.4,98.5
33.767,410.4,-178.4,90.2
33.800,410.4,-178.4,97.1
33.833,410.4,-178.4,88.7
33.867,410.4,-178.4,120.3
33.900,410.4,-178.4,126.7
33.933,410.4,-178.4,131.0
33.967,410.4,-178.4,132.0
34.000,410.4,-178.4,138.6
34.033,410.4,-178.4,137.5
34.067,410.4,-178.4,141.2
34.100,410.4,-178.4,130.9
34.133,410.4,-178.4,109.2
34.167,410.4,-178.4,88.4
34.200,410.4,-178.4,97.5
34.233,410.4,-178.4,90.1
34.267,410.4,-178.4,111.2
34.300,410.4,-178.4,121.7
34.333,410.4,-178.4,124.6
34.367,410.4,-178.4,120.1
34.400,410.4,-178.4,131.1
34.433,410.4,-178.4,124.6
34.467,410.4,-178.4,133.6
34.500,410.4,-178.4,127.1
34.533,410.4,-178.4,108.5
34.567,410.4,-178.4,87.4
34.600,410.4,-178.4,91.8
34.633,410.4,-178.4,85.0
34.667,410.4,-178.4,87.7
34.700,410.4,-178.4,84.7
34.733,410.4,-178.4,116.8
34.767,410.4,-178.4,114.9
34.800,410.4,-178.4,119.8
34.833,410.4,-178.4,118.8
34.867,410.4,-178.4,125.6
34.900,410.4,-178.4,121.8
34.933,410.4,-178.4,124.4
34.967,410.4,-178.4,109.5
35.000,410.4,-178.4,92.1
35.033,410.4,-178.4,84.7
35.067,410.4,-178.4,89.8
35.100,410.4,-178.4,87.0
35.133,410.4,-178.4,104.4
35.167,410.4,-178.4,112.5
35.200,410.4,-178.4,115.6
35.233,410.4,-178.4,110.7
35.267,410.4,-178.4,119.4
35.300,410.4,-178.4,118.2
35.333,410.4,-178.4,126.0
35.367,410.4,-178.4,118.9
35.400,410.4,-178.4,101.6
35.433,410.4,-178.4,81.5
35.467,410.4,-178.4,92.9
35.500,410.4,-178.4,80.9
35.533,410.4,-178.4,90.6
35.567,410.4,-178.4,91.4
35.600,410.4,-178.4,116.0
35.633,410.4,-178.4,114.2
35.667,410.4,-178.4,120.0
35.700,410.4,-178.4,118.7
35.733,410.4,-178.4,124.7
35.767,410.4,-178.4,120.4
35.800,410.4,-178.4,127.0
35.833,410.4,-178.4,104.7
35.867,410.4,-178.4,95.1
35.900,410.4,-178.4,82.4
35.933,410.4,-178.4,92.1
35.967,410.4,-178.4,82.5
36.000,410.4,-178.4,117.7
36.033,410.4,-178.4,116.9
36.067,410.4,-178.4,120.2
36.100,410.4,-178.4,117.1
36.133,410.4,-178.4,124.5
36.167,410.4,-178.4,124.3
36.200,410.4,-178.4,127.5
36.233,410.4,-178.4,117.4
36.267,410.4,-178.4,100.8
36.300,410.4,-178.4,83.7
36.333,410.4,-178.4,94.5
36.367,410.4,-178.4,88.6
36.400,410.4,-178.4,92.6
36.433,410.4,-178.4,100.7
36.467,410.4,-178.4,123.1
36.500,410.4,-178.4,119.4
36.533,410.4,-178.4,125.8
36.567,410.4,-178.4,125.1
36.600,410.4,-178.4,133.3
36.633,410.4,-178.4,132.9
36.667,410.4,-178.4,130.7
36.700,410.4,-178.4,103.6
36.733,410.4,-178.4,94.6
36.767,410.4,-178.4,82.3
36.800,410.4,-178.4,95.4
36.833,410.4,-178.4,89.4
36.867,410.4,-178.4,125.0
36.900,410.4,-178.4,120.7
36.933,410.4,-178.4,124.5
36.967,410.4,-178.4,121.8
37.000,410.4,-178.4,130.2
37.033,410.4,-178.4,128.6
37.067,410.4,-178.4,131.4
37.100,410.4,-178.4,114.0
37.133,410.4,-178.4,95.8
37.167,410.4,-178.4,87.9
37.200,410.4,-178.4,94.0
37.233,410.4,-178.4,88.0
37.267,410.4,-178.4,94.3
37.300,410.4,-178.4,106.8
37.333,410.4,-178.4,126.2
37.367,410.4,-178.4,118.4
37.400,410.4,-178.4,126.9
37.433,410.4,-178.4,124.8
37.467,410.4,-178.4,132.3
37.500,410.4,-178.4,128.9
37.533,410.4,-178.4,129.2
37.567,410.4,-178.4,101.0
37.600,410.4,-178.4,92.2
37.633,410.4,-178.4,83.0
37.667,410.4,-178.4,91.2
37.700,410.4,-178.4,89.2
37.733,410.4,-178.4,113.3
37.767,410.4,-178.4,113.0
37.800,410.4,-178.4,113.3
37.833,410.4,-178.4,111.3
37.867,410.4,-178.4,126.3
37.900,410.4,-178.4,116.4
37.933,410.4,-178.4,121.4
37.967,410.4,-178.4,107.2
38.000,410.4,-178.4,95.2
38.033,410.4,-178.4,82.8
38.067,410.4,-178.4,91.9
38.100,410.4,-178.4,81.6
38.133,410.4,-178.4,89.9
38.167,410.4,-178.4,98.2
38.200,410.4,-178.4,116.7
38.233,410.4,-178.4,112.8
38.267,410.4,-178.4,120.5
38.300,410.4,-178.4,119.4
38.333,410.4,-178.4,124.3
38.367,410.4,-178.4,121.0
38.400,410.4,-178.4,117.3
38.433,410.4,-178.4,88.0
38.467,410.4,-178.4,89.9
38.500,410.4,-178.4,83.7
38.533,410.4,-178.4,90.1
38.567,410.4,-178.4,92.5
38.600,410.4,-178.4,118.2
38.633,410.4,-178.4,109.7
38.667,410.4,-178.4,114.0
38.700,410.4,-178.4,111.4
38.733,410.4,-178.4,121.1
38.767,410.4,-178.4,120.7
38.800,410.4,-178.4,122.4
38.833,410.4,-178.4,93.0
38.867,410.4,-178.4,91.0
38.900,410.4,-178.4,81.3
38.933,410.4,-178.4,90.4
38.967,410.4,-178.4,80.5
39.000,410.4,-178.4,92.0
39.033,410.4,-178.4,103.8
39.067,410.4,-178.4,115.6
39.100,410.4,-178.4,107.7
39.133,410.4,-178.4,117.1
39.167,410.4,-178.4,112.8
39.200,410.4,-178.4,119.5
39.233,410.4,-178.4,111.0
39.267,410.4,-178.4,105.7
39.300,410.4,-178.4,82.1
39.333,410.4,-178.4,90.9
39.367,410.4,-178.4,83.3
39.400,410.4,-178.4,87.6
39.433,410.4,-178.4,98.2
39.467,410.4,-178.4,109.0
39.500,410.4,-178.4,100.0
39.533,410.4,-178.4,108.9
39.567,410.4,-178.4,107.9
39.600,410.4,-178.4,111.9
39.633,410.4,-178.4,109.8
39.667,410.4,-178.4,105.8
39.700,410.4,-178.4,84.4
39.733,410.4,-178.4,89.0
39.767,410.4,-178.4,80.4
39.800,410.4,-178.4,87.9
39.833,410.4,-178.4,81.5
39.867,410.4,-178.4,97.2
39.900,410.4,-178.4,102.4
39.933,410.4,-178.4,113.5
39.967,410.4,-178.4,107.8
40.000,410.4,-178.4,117.3
40.033,410.4,-178.4,112.0
40.067,410.4,-178.4,119.5
40.100,410.4,-178.4,109.9
40.133,410.4,-178.4,95.2
40.167,410.4,-178.4,80.6
40.200,410.4,-178.4,89.1
40.233,410.4,-178.4,81.1
40.267,410.4,-178.4,94.7
40.300,410.4,-178.4,106.8
40.333,410.4,-178.4,112.0
40.367,410.4,-178.4,104.7
40.400,410.4,-178.4,112.6
40.433,410.4,-178.4,109.9
40.467,410.4,-178.4,114.1
40.500,410.4,-178.4,108.9
40.533,410.4,-178.4,99.9
40.567,410.4,-178.4,80.5
40.600,410.4,-178.4,85.5
40.633,410.4,-178.4,78.3
40.667,410.4,-178.4,84.7
40.700,410.4,-178.4,82.3
40.733,410.4,-178.4,100.5
40.767,410.4,-178.4,103.5
40.800,410.4,-178.4,108.9
40.833,410.4,-178.4,103.9
40.867,410.4,-178.4,112.9
40.900,410.4,-178.4,112.9
40.933,410.4,-178.4,112.7
40.967,410.4,-178.4,100.1
41.000,410.4,-178.4,88.6
41.033,410.4,-178.4,79.7
41.067,410.4,-178.4,87.5
41.100,410.4,-178.4,78.6
41.133,410.4,-178.4,96.3
41.167,410.4,-178.4,101.6
41.200,410.4,-178.4,105.3
41.233,410.4,-178.4,98.5
41.267,410.4,-178.4,105.8
41.300,410.4,-178.4,100.1
41.333,410.4,-178.4,108.2
41.367,410.4,-178.4,98.6
41.400,410.4,-178.4,95.3
41.433,410.4,-178.4,77.9
41.467,410.4,-178.4,85.1
41.500,410.4,-178.4,77.1
41.533,410.4,-178.4,83.2
41.567,410.4,-178.4,75.9
41.600,410.4,-178.4,94.0
41.633,410.4,-178.4,96.4
41.667,410.4,-178.4,103.8
41.700,410.4,-178.4,102.6
41.733,410.4,-178.4,105.5
41.767,410.4,-178.4,102.3
41.800,410.4,-178.4,105.3
41.833,410.4,-178.4,95.5
41.867,410.4,-178.4,87.6
41.900,410.4,-178.4,74.0
41.933,410.4,-178.4,83.3
41.967,410.4,-178.4,77.7
42.000,410.4,-178.4,91.2
42.033,410.4,-178.4,94.7
42.067,410.4,-178.4,101.0
42.100,410.4,-178.4,95.1
42.133,410.4,-178.4,102.0
42.167,410.4,-178.4,100.3
42.200,410.4,-178.4,103.4
42.233,410.4,-178.4,100.2
42.267,410.4,-178.4,93.9
42.300,410.4,-178.4,77.6
42.333,410.4,-178.4,83.4
42.367,410.4,-178.4,75.3
42.400,410.4,-178.4,85.0
42.433,410.4,-178.4,76.8
42.467,410.4,-178.4,101.2
42.500,410.4,-178.4,102.1
42.533,410.4,-178.4,105.9
42.567,410.4,-178.4,105.7
42.600,410.4,-178.4,109.7
42.633,410.4,-178.4,106.5
42.667,410.4,-178.4,108.5
42.700,410.4,-178.4,99.5
42.733,410.4,-178.4,87.6
42.767,410.4,-178.4,79.6
42.800,410.4,-178.4,85.7
42.833,410.4,-178.4,80.6
42.867,410.4,-178.4,96.1
42.900,410.4,-178.4,100.8
42.933,410.4,-178.4,103.3
42.967,410.4,-178.4,99.9
43.000,410.4,-178.4,108.2
43.033,410.4,-178.4,106.0
43.067,410.4,-178.4,109.8
43.100,410.4,-178.4,105.2
43.133,410.4,-178.4,94.1
43.167,410.4,-178.4,80.1
43.200,410.4,-178.4,84.1
43.233,410.4,-178.4,77.4
43.267,410.4,-178.4,84.5
43.300,410.4,-178.4,81.4
43.333,410.4,-178.4,99.7
43.367,410.4,-178.4,100.6
43.400,410.4,-178.4,106.0
43.433,410.4,-178.4,100.2
43.467,410.4,-178.4,111.0
43.500,410.4,-178.4,102.4
43.533,410.4,-178.4,108.4
43.567,410.4,-178.4,93.1
43.600,410.4,-178.4,86.6
43.633,410.4,-178.4,79.3
43.667,410.4,-178.4,87.5
43.700,410.4,-178.4,80.8
43.733,410.4,-178.4,99.6
43.767,410.4,-178.4,102.5
43.800,410.4,-178.4,104.7
43.833,410.4,-178.4,101.2
43.867,410.4,-178.4,107.5
43.900,410.4,-178.4,105.2
43.933,410.4,-178.4,110.5
43.967,410.4,-178.4,101.9
44.000,410.4,-178.4,94.4
44.033,410.4,-178.4,80.0
44.067,410.4,-178.4,87.8
44.100,410.4,-178.4,83.4
44.133,410.4,-178.4,87.9
44.167,410.4,-178.4,87.2
44.200,410.4,-178.4,108.0
44.233,410.4,-178.4,105.1
44.267,410.4,-178.4,114.0
44.300,410.4,-178.4,111.6
44.333,410.4,-178.4,120.0
44.367,410.4,-178.4,116.5
44.400,410.4,-178.4,117.6
44.433,410.4,-178.4,96.4
44.467,410.4,-178.4,91.7
44.500,410.4,-178.4,82.6
44.533,410.4,-178.4,90.7
44.567,410.4,-178.4,86.6
44.600,410.4,-178.4,114.1
44.633,410.4,-178.4,110.2
44.667,410.4,-178.4,116.0
44.700,410.4,-178.4,114.5
44.733,410.4,-178.4,119.1
44.767,410.4,-178.4,115.6
44.800,410.4,-178.4,118.3
44.833,410.4,-178.4,105.7
44.867,410.4,-178.4,92.1
44.900,410.4,-178.4,85.1
44.933,410.4,-178.4,91.2
44.967,410.4,-178.4,85.1
45.000,410.4,-178.4,90.6
45.033,410.4,-178.4,100.1
45.067,410.4,-178.4,116.4
45.100,410.4,-178.4,111.4
45.133,410.4,-178.4,120.5
45.167,410.4,-178.4,121.7
45.200,410.4,-178.4,123.5
45.233,410.4,-178.4,121.1
45.267,410.4,-178.4,118.0
45.300,409.4,-197.6,124.3
