region_B
t,x,y,luma
0.000000000E0,-1.419642857E0,-2.129464286E2,1.701362898E2
3.333333333E-2,-1.419642857E0,-2.129464286E2,1.533784936E2
6.666666667E-2,-1.419642857E0,-2.129464286E2,1.530330478E2
1.000000000E-1,-1.419642857E0,-2.129464286E2,1.454533854E2
1.333333333E-1,-1.419642857E0,-2.129464286E2,1.490867102E2
1.666666667E-1,-1.419642857E0,-2.129464286E2,1.422670127E2
2.000000000E-1,-1.419642857E0,-2.129464286E2,1.621175446E2
2.333333333E-1,-1.419642857E0,-2.129464286E2,1.964293790E2
2.666666667E-1,-1.419642857E0,-2.129464286E2,2.242851975E2
3.000000000E-1,-1.419642857E0,-2.129464286E2,2.301230510E2
3.333333333E-1,-1.419642857E0,-2.129464286E2,2.160592452E2
3.666666667E-1,-1.419642857E0,-2.129464286E2,1.908839522E2
4.000000000E-1,-1.419642857E0,-2.129464286E2,1.732700350E2
4.333333333E-1,-1.419642857E0,-2.129464286E2,1.638664841E2
4.666666667E-1,-1.419642857E0,-2.129464286E2,1.648037962E2
5.000000000E-1,-1.419642857E0,-2.129464286E2,1.593603694E2
5.333333333E-1,-1.419642857E0,-2.129464286E2,1.617724140E2
5.666666667E-1,-1.419642857E0,-2.129464286E2,1.821362548E2
6.000000000E-1,-1.419642857E0,-2.129464286E2,2.068367516E2
6.333333333E-1,-1.419642857E0,-2.129464286E2,2.014231592E2
6.666666667E-1,-1.419642857E0,-2.129464286E2,1.924048248E2
7.000000000E-1,-1.419642857E0,-2.129464286E2,1.803695159E2
7.333333333E-1,-1.419642857E0,-2.129464286E2,1.769524108E2
7.666666667E-1,-1.419642857E0,-2.129464286E2,1.671370191E2
8.000000000E-1,-1.419642857E0,-2.129464286E2,1.685583503E2
8.333333333E-1,-1.419642857E0,-2.129464286E2,1.645869172E2
8.666666667E-1,-1.419642857E0,-2.129464286E2,1.678817070E2
9.000000000E-1,-1.419642857E0,-2.129464286E2,1.644099236E2
9.333333333E-1,-1.419642857E0,-2.129464286E2,1.677170796E2
9.666666667E-1,-1.419642857E0,-2.129464286E2,1.787600987E2
1.000000000E0,-1.419642857E0,-2.129464286E2,2.003432930E2
1.033333333E0,-1.419642857E0,-2.129464286E2,2.123047134E2
1.066666667E0,-1.419642857E0,-2.129464286E2,2.103141306E2
1.100000000E0,-1.419642857E0,-2.129464286E2,1.917366146E2
1.133333333E0,-1.419642857E0,-2.129464286E2,1.828054331E2
1.166666667E0,-1.419642857E0,-2.129464286E2,1.717384395E2
1.200000000E0,-1.419642857E0,-2.129464286E2,1.727139522E2
1.233333333E0,-1.419642857E0,-2.129464286E2,1.724769936E2
1.266666667E0,-1.419642857E0,-2.129464286E2,1.774793121E2
1.300000000E0,-1.419642857E0,-2.129464286E2,1.781793089E2
1.333333333E0,-1.419642857E0,-2.129464286E2,1.934387994E2
1.366666667E0,-1.419642857E0,-2.129464286E2,1.918022420E2
1.400000000E0,-1.419642857E0,-2.129464286E2,1.952443217E2
1.433333333E0,-1.419642857E0,-2.129464286E2,1.918882452E2
1.466666667E0,-1.419642857E0,-2.129464286E2,1.870243822E2
1.500000000E0,-1.419642857E0,-2.129464286E2,1.764243949E2
1.533333333E0,-1.419642857E0,-2.129464286E2,1.734283822E2
1.566666667E0,-1.419642857E0,-2.129464286E2,1.616702707E2
1.600000000E0,-1.419642857E0,-2.129464286E2,1.620979904E2
1.633333333E0,-1.419642857E0,-2.129464286E2,1.556656433E2
1.666666667E0,-1.419642857E0,-2.129464286E2,1.578536401E2
1.700000000E0,-1.419642857E0,-2.129464286E2,1.624900924E2
1.733333333E0,-1.419642857E0,-2.129464286E2,1.949718631E2
1.766666667E0,-1.419642857E0,-2.129464286E2,2.097235382E2
1.800000000E0,-1.419642857E0,-2.129464286E2,2.122429777E2
1.833333333E0,-1.419642857E0,-2.129464286E2,1.965944586E2
1.866666667E0,-1.419642857E0,-2.129464286E2,1.863983248E2
1.900000000E0,-1.419642857E0,-2.129464286E2,1.730615924E2
1.933333333E0,-1.419642857E0,-2.129464286E2,1.704767771E2
1.966666667E0,-1.419642857E0,-2.129464286E2,1.668062516E2
2.000000000E0,-1.419642857E0,-2.129464286E2,1.690114459E2
2.033333333E0,-1.419642857E0,-2.129464286E2,1.654699936E2
2.066666667E0,-1.419642857E0,-2.129464286E2,1.796672898E2
2.100000000E0,-1.419642857E0,-2.129464286E2,1.925308121E2
2.133333333E0,-1.419642857E0,-2.129464286E2,1.983958758E2
2.166666667E0,-1.419642857E0,-2.129464286E2,1.952190955E2
2.200000000E0,-1.419642857E0,-2.129464286E2,1.881025064E2
2.233333333E0,-1.419642857E0,-2.129464286E2,1.725550637E2
2.266666667E0,-1.419642857E0,-2.129464286E2,1.704469268E2
2.300000000E0,-1.419642857E0,-2.129464286E2,1.678767898E2
2.333333333E0,-1.419642857E0,-2.129464286E2,1.768285159E2
2.366666667E0,-1.419642857E0,-2.129464286E2,1.746793503E2
2.400000000E0,-1.419642857E0,-2.129464286E2,1.770418662E2
2.433333333E0,-1.419642857E0,-2.129464286E2,1.707216783E2
2.466666667E0,-1.419642857E0,-2.129464286E2,1.779760064E2
2.500000000E0,-1.419642857E0,-2.129464286E2,1.851801178E2
2.533333333E0,-1.419642857E0,-2.129464286E2,1.954299236E2
2.566666667E0,-1.419642857E0,-2.129464286E2,1.959661879E2
2.600000000E0,-1.419642857E0,-2.129464286E2,2.019164076E2
2.633333333E0,-1.419642857E0,-2.129464286E2,1.880041592E2
2.666666667E0,-1.419642857E0,-2.129464286E2,1.725565732E2
2.700000000E0,-1.419642857E0,-2.129464286E2,1.608618599E2
2.733333333E0,-1.419642857E0,-2.129464286E2,1.601085828E2
2.766666667E0,-1.419642857E0,-2.129464286E2,1.541770446E2
2.800000000E0,-1.419642857E0,-2.129464286E2,1.592924873E2
2.833333333E0,-1.419642857E0,-2.129464286E2,1.757708535E2
2.866666667E0,-1.419642857E0,-2.129464286E2,1.964213248E2
2.900000000E0,-1.419642857E0,-2.129464286E2,1.902241210E2
2.933333333E0,-1.419642857E0,-2.129464286E2,1.927476943E2
2.966666667E0,-1.419642857E0,-2.129464286E2,1.912612102E2
3.000000000E0,-1.419642857E0,-2.129464286E2,1.791058599E2
3.033333333E0,-1.419642857E0,-2.129464286E2,1.565688758E2
3.066666667E0,-1.419642857E0,-2.129464286E2,1.536313694E2
3.100000000E0,-1.419642857E0,-2.129464286E2,1.459289045E2
3.133333333E0,-1.419642857E0,-2.129464286E2,1.468151146E2
3.166666667E0,-1.419642857E0,-2.129464286E2,1.426762134E2
3.200000000E0,-1.419642857E0,-2.129464286E2,1.517278057E2
3.233333333E0,-1.419642857E0,-2.129464286E2,1.768917930E2
3.266666667E0,-1.419642857E0,-2.129464286E2,2.088809682E2
3.300000000E0,-1.419642857E0,-2.129464286E2,2.162167611E2
3.333333333E0,-1.419642857E0,-2.129464286E2,2.115382229E2
3.366666667E0,-1.419642857E0,-2.129464286E2,1.970082420E2
3.400000000E0,-1.419642857E0,-2.129464286E2,1.840248822E2
3.433333333E0,-1.419642857E0,-2.129464286E2,1.628616688E2
3.466666667E0,-1.419642857E0,-2.129464286E2,1.623591465E2
3.500000000E0,-1.419642857E0,-2.129464286E2,1.555768471E2
3.533333333E0,-1.419642857E0,-2.129464286E2,1.578734236E2
3.566666667E0,-1.419642857E0,-2.129464286E2,1.608084045E2
3.600000000E0,-1.419642857E0,-2.129464286E2,1.921656561E2
3.633333333E0,-1.419642857E0,-2.129464286E2,2.081030573E2
3.666666667E0,-1.419642857E0,-2.129464286E2,2.139382548E2
3.700000000E0,-1.419642857E0,-2.129464286E2,1.995524841E2
3.733333333E0,-1.419642857E0,-2.129464286E2,1.991950223E2
3.766666667E0,-1.419642857E0,-2.129464286E2,1.783524841E2
3.800000000E0,-1.419642857E0,-2.129464286E2,1.556896019E2
3.833333333E0,-1.419642857E0,-2.129464286E2,1.426251752E2
3.866666667E0,-1.419642857E0,-2.129464286E2,1.441340669E2
3.900000000E0,-1.419642857E0,-2.129464286E2,1.390162006E2
3.933333333E0,-1.419642857E0,-2.129464286E2,1.460715096E2
3.966666667E0,-1.419642857E0,-2.129464286E2,1.520120096E2
4.000000000E0,-1.419642857E0,-2.129464286E2,1.903320382E2
4.033333333E0,-1.419642857E0,-2.129464286E2,2.103976783E2
4.066666667E0,-1.419642857E0,-2.129464286E2,2.184072102E2
4.100000000E0,-1.419642857E0,-2.129464286E2,2.081670605E2
4.133333333E0,-1.419642857E0,-2.129464286E2,1.929048089E2
4.166666667E0,-1.419642857E0,-2.129464286E2,1.726721306E2
4.200000000E0,-1.419642857E0,-2.129464286E2,1.697551497E2
4.233333333E0,-1.419642857E0,-2.129464286E2,1.630129490E2
4.266666667E0,-1.419642857E0,-2.129464286E2,1.632863885E2
4.300000000E0,-1.419642857E0,-2.129464286E2,1.613254618E2
4.333333333E0,-1.419642857E0,-2.129464286E2,1.792608599E2
4.366666667E0,-1.419642857E0,-2.129464286E2,1.971275860E2
4.400000000E0,-1.419642857E0,-2.129464286E2,2.076125701E2
4.433333333E0,-1.419642857E0,-2.129464286E2,2.001168822E2
4.466666667E0,-1.419642857E0,-2.129464286E2,1.916839459E2
4.500000000E0,-1.419642857E0,-2.129464286E2,1.790746656E2
4.533333333E0,-1.419642857E0,-2.129464286E2,1.738830159E2
4.566666667E0,-1.419642857E0,-2.129464286E2,1.641926242E2
4.600000000E0,-1.419642857E0,-2.129464286E2,1.621542739E2
4.633333333E0,-1.419642857E0,-2.129464286E2,1.540804554E2
4.666666667E0,-1.419642857E0,-2.129464286E2,1.564887197E2
4.700000000E0,-1.419642857E0,-2.129464286E2,1.549300318E2
4.733333333E0,-1.419642857E0,-2.129464286E2,1.747389618E2
4.766666667E0,-1.419642857E0,-2.129464286E2,1.977416083E2
4.800000000E0,-1.419642857E0,-2.129464286E2,2.122069268E2
4.833333333E0,-1.419642857E0,-2.129464286E2,2.016480255E2
4.866666667E0,-1.419642857E0,-2.129464286E2,1.930542420E2
4.900000000E0,-1.419642857E0,-2.129464286E2,1.845747197E2
4.933333333E0,-1.419642857E0,-2.129464286E2,1.766596911E2
4.966666667E0,-1.419642857E0,-2.129464286E2,1.679553121E2
5.000000000E0,-1.419642857E0,-2.129464286E2,1.700303981E2
5.033333333E0,-1.419642857E0,-2.129464286E2,1.647030924E2
5.066666667E0,-1.419642857E0,-2.129464286E2,1.696937643E2
5.100000000E0,-1.419642857E0,-2.129464286E2,1.912951943E2
5.133333333E0,-1.419642857E0,-2.129464286E2,2.120949682E2
5.166666667E0,-1.419642857E0,-2.129464286E2,2.057348312E2
5.200000000E0,-1.419642857E0,-2.129464286E2,2.013966529E2
5.233333333E0,-1.419642857E0,-2.129464286E2,1.909106306E2
5.266666667E0,-1.419642857E0,-2.129464286E2,1.774699363E2
5.300000000E0,-1.419642857E0,-2.129464286E2,1.636106274E2
5.333333333E0,-1.419642857E0,-2.129464286E2,1.640760637E2
5.366666667E0,-1.419642857E0,-2.129464286E2,1.586491879E2
5.400000000E0,-1.419642857E0,-2.129464286E2,1.594002834E2
5.433333333E0,-1.419642857E0,-2.129464286E2,1.550728822E2
5.466666667E0,-1.419642857E0,-2.129464286E2,1.601687261E2
5.500000000E0,-1.419642857E0,-2.129464286E2,1.773636815E2
5.533333333E0,-1.419642857E0,-2.129464286E2,2.054360159E2
5.566666667E0,-1.419642857E0,-2.129464286E2,2.093669331E2
5.600000000E0,-1.419642857E0,-2.129464286E2,2.071730318E2
5.633333333E0,-1.419642857E0,-2.129464286E2,1.877795318E2
5.666666667E0,-1.419642857E0,-2.129464286E2,1.811381369E2
5.700000000E0,-1.419642857E0,-2.129464286E2,1.752699299E2
5.733333333E0,-1.419642857E0,-2.129464286E2,1.767775478E2
5.766666667E0,-1.419642857E0,-2.129464286E2,1.691110318E2
5.800000000E0,-1.419642857E0,-2.129464286E2,1.686601783E2
5.833333333E0,-1.419642857E0,-2.129464286E2,1.772610892E2
5.866666667E0,-1.419642857E0,-2.129464286E2,2.036403567E2
5.900000000E0,-1.419642857E0,-2.129464286E2,2.067761847E2
5.933333333E0,-1.419642857E0,-2.129464286E2,2.101430573E2
5.966666667E0,-1.419642857E0,-2.129464286E2,1.925495096E2
6.000000000E0,-1.419642857E0,-2.129464286E2,1.860371975E2
6.033333333E0,-1.419642857E0,-2.129464286E2,1.708147898E2
6.066666667E0,-1.419642857E0,-2.129464286E2,1.611624936E2
6.100000000E0,-1.419642857E0,-2.129464286E2,1.515006497E2
6.133333333E0,-1.419642857E0,-2.129464286E2,1.526274618E2
6.166666667E0,-1.419642857E0,-2.129464286E2,1.448281083E2
6.200000000E0,-1.419642857E0,-2.129464286E2,1.479846306E2
6.233333333E0,-1.419642857E0,-2.129464286E2,1.588657134E2
6.266666667E0,-1.419642857E0,-2.129464286E2,1.963853949E2
6.300000000E0,-1.419642857E0,-2.129464286E2,2.136696561E2
6.333333333E0,-1.419642857E0,-2.129464286E2,2.205292675E2
6.366666667E0,-1.419642857E0,-2.129464286E2,2.110056592E2
6.400000000E0,-1.419642857E0,-2.129464286E2,1.937272420E2
6.433333333E0,-1.419642857E0,-2.129464286E2,1.715222293E2
6.466666667E0,-1.419642857E0,-2.129464286E2,1.642922325E2
6.500000000E0,-1.419642857E0,-2.129464286E2,1.622916943E2
6.533333333E0,-1.419642857E0,-2.129464286E2,1.670358981E2
6.566666667E0,-1.419642857E0,-2.129464286E2,1.623357707E2
6.600000000E0,-1.419642857E0,-2.129464286E2,1.864631497E2
6.633333333E0,-1.419642857E0,-2.129464286E2,2.061090255E2
6.666666667E0,-1.419642857E0,-2.129464286E2,2.067182643E2
6.700000000E0,-1.419642857E0,-2.129464286E2,1.958796752E2
6.733333333E0,-1.419642857E0,-2.129464286E2,1.865091146E2
6.766666667E0,-1.419642857E0,-2.129464286E2,1.762124904E2
6.800000000E0,-1.419642857E0,-2.129464286E2,1.753109363E2
6.833333333E0,-1.419642857E0,-2.129464286E2,1.668250732E2
6.866666667E0,-1.419642857E0,-2.129464286E2,1.680913057E2
6.900000000E0,-1.419642857E0,-2.129464286E2,1.632033567E2
6.933333333E0,-1.419642857E0,-2.129464286E2,1.616795191E2
6.966666667E0,-1.419642857E0,-2.129464286E2,1.598910223E2
7.000000000E0,-1.419642857E0,-2.129464286E2,1.845931306E2
7.033333333E0,-1.419642857E0,-2.129464286E2,2.068987643E2
7.066666667E0,-1.419642857E0,-2.129464286E2,2.162245860E2
7.100000000E0,-1.419642857E0,-2.129464286E2,1.941412739E2
7.133333333E0,-1.419642857E0,-2.129464286E2,1.890330924E2
7.166666667E0,-1.419642857E0,-2.129464286E2,1.794583949E2
7.200000000E0,-1.419642857E0,-2.129464286E2,1.668141210E2
7.233333333E0,-1.419642857E0,-2.129464286E2,1.569283662E2
7.266666667E0,-1.419642857E0,-2.129464286E2,1.597218790E2
7.300000000E0,-1.419642857E0,-2.129464286E2,1.555106306E2
7.333333333E0,-1.419642857E0,-2.129464286E2,1.665320350E2
7.366666667E0,-1.419642857E0,-2.129464286E2,1.924511561E2
7.400000000E0,-1.419642857E0,-2.129464286E2,2.070638280E2
7.433333333E0,-1.419642857E0,-2.129464286E2,2.053274618E2
7.466666667E0,-1.419642857E0,-2.129464286E2,1.953706879E2
7.500000000E0,-1.419642857E0,-2.129464286E2,1.812036433E2
7.533333333E0,-1.419642857E0,-2.129464286E2,1.747265127E2
7.566666667E0,-1.419642857E0,-2.129464286E2,1.603637803E2
7.600000000E0,-1.419642857E0,-2.129464286E2,1.552395637E2
7.633333333E0,-1.419642857E0,-2.129464286E2,1.474640764E2
7.666666667E0,-1.419642857E0,-2.129464286E2,1.499392357E2
7.700000000E0,-1.419642857E0,-2.129464286E2,1.432209554E2
7.733333333E0,-1.419642857E0,-2.129464286E2,1.616504490E2
7.766666667E0,-1.419642857E0,-2.129464286E2,1.943501274E2
7.800000000E0,-1.419642857E0,-2.129464286E2,2.237076497E2
7.833333333E0,-1.419642857E0,-2.129464286E2,2.298644331E2
7.866666667E0,-1.419642857E0,-2.129464286E2,2.149845350E2
7.900000000E0,-1.419642857E0,-2.129464286E2,1.893584522E2
7.933333333E0,-1.419642857E0,-2.129464286E2,1.764677293E2
7.966666667E0,-1.419642857E0,-2.129464286E2,1.583398567E2
8.000000000E0,-1.419642857E0,-2.129464286E2,1.567676561E2
8.033333333E0,-1.419642857E0,-2.129464286E2,1.506308917E2
8.066666667E0,-1.419642857E0,-2.129464286E2,1.571721847E2
8.100000000E0,-1.419642857E0,-2.129464286E2,1.776459299E2
8.133333333E0,-1.419642857E0,-2.129464286E2,2.058707006E2
8.166666667E0,-1.419642857E0,-2.129464286E2,2.029350605E2
8.200000000E0,-1.419642857E0,-2.129464286E2,1.936502548E2
8.233333333E0,-1.419642857E0,-2.129464286E2,1.818069236E2
8.266666667E0,-1.419642857E0,-2.129464286E2,1.845967357E2
8.300000000E0,-1.419642857E0,-2.129464286E2,1.666248312E2
8.333333333E0,-1.419642857E0,-2.129464286E2,1.591742197E2
8.366666667E0,-1.419642857E0,-2.129464286E2,1.512350446E2
8.400000000E0,-1.419642857E0,-2.129464286E2,1.513989904E2
8.433333333E0,-1.419642857E0,-2.129464286E2,1.454009936E2
8.466666667E0,-1.419642857E0,-2.129464286E2,1.502269682E2
8.500000000E0,-1.419642857E0,-2.129464286E2,1.681389745E2
8.533333333E0,-1.419642857E0,-2.129464286E2,2.053923535E2
8.566666667E0,-1.419642857E0,-2.129464286E2,2.244178822E2
8.600000000E0,-1.419642857E0,-2.129464286E2,2.280913471E2
8.633333333E0,-1.419642857E0,-2.129464286E2,2.091967166E2
8.666666667E0,-1.419642857E0,-2.129464286E2,1.870416975E2
8.700000000E0,-1.419642857E0,-2.129464286E2,1.652426146E2
8.733333333E0,-1.419642857E0,-2.129464286E2,1.653759713E2
8.766666667E0,-1.419642857E0,-2.129464286E2,1.616974650E2
8.800000000E0,-1.419642857E0,-2.129464286E2,1.675445287E2
8.833333333E0,-1.419642857E0,-2.129464286E2,1.745663917E2
8.866666667E0,-1.419642857E0,-2.129464286E2,2.057205669E2
8.900000000E0,-1.419642857E0,-2.129464286E2,2.081027834E2
8.933333333E0,-1.419642857E0,-2.129464286E2,2.083288439E2
8.966666667E0,-1.419642857E0,-2.129464286E2,2.007828439E2
9.000000000E0,-1.419642857E0,-2.129464286E2,1.921079809E2
9.033333333E0,-1.419642857E0,-2.129464286E2,1.708141943E2
9.066666667E0,-1.419642857E0,-2.129464286E2,1.623823280E2
9.100000000E0,-1.419642857E0,-2.129464286E2,1.498863025E2
9.133333333E0,-1.419642857E0,-2.129464286E2,1.492195255E2
9.166666667E0,-1.419642857E0,-2.129464286E2,1.438252229E2
9.200000000E0,-1.419642857E0,-2.129464286E2,1.502699841E2
9.233333333E0,-1.419642857E0,-2.129464286E2,1.645132229E2
9.266666667E0,-1.419642857E0,-2.129464286E2,2.037779140E2
9.300000000E0,-1.419642857E0,-2.129464286E2,2.127035414E2
9.333333333E0,-1.419642857E0,-2.129464286E2,2.155030478E2
9.366666667E0,-1.419642857E0,-2.129464286E2,1.900196688E2
9.400000000E0,-1.419642857E0,-2.129464286E2,1.777806369E2
9.433333333E0,-1.419642857E0,-2.129464286E2,1.682731433E2
9.466666667E0,-1.419642857E0,-2.129464286E2,1.711937134E2
9.500000000E0,-1.419642857E0,-2.129464286E2,1.671106497E2
9.533333333E0,-1.419642857E0,-2.129464286E2,1.695501911E2
9.566666667E0,-1.419642857E0,-2.129464286E2,1.743286815E2
9.600000000E0,-1.419642857E0,-2.129464286E2,1.904334459E2
9.633333333E0,-1.419642857E0,-2.129464286E2,1.895547261E2
9.666666667E0,-1.419642857E0,-2.129464286E2,1.920489745E2
9.700000000E0,-1.419642857E0,-2.129464286E2,1.862499873E2
9.733333333E0,-1.419642857E0,-2.129464286E2,1.819283949E2
9.766666667E0,-1.419642857E0,-2.129464286E2,1.701887006E2
9.800000000E0,-1.419642857E0,-2.129464286E2,1.694650510E2
9.833333333E0,-1.419642857E0,-2.129464286E2,1.659111019E2
9.866666667E0,-1.419642857E0,-2.129464286E2,1.716782070E2
9.900000000E0,-1.419642857E0,-2.129464286E2,1.621786624E2
9.933333333E0,-1.419642857E0,-2.129464286E2,1.631749299E2
9.966666667E0,-1.419642857E0,-2.129464286E2,1.715524586E2
1.000000000E1,-1.419642857E0,-2.129464286E2,2.034513662E2
1.003333333E1,-1.419642857E0,-2.129464286E2,2.161139809E2
1.006666667E1,-1.419642857E0,-2.129464286E2,2.128292006E2
1.010000000E1,-1.419642857E0,-2.129464286E2,1.952714299E2
1.013333333E1,-1.419642857E0,-2.129464286E2,1.856854459E2
1.016666667E1,-1.419642857E0,-2.129464286E2,1.722116975E2
1.020000000E1,-1.419642857E0,-2.129464286E2,1.752616879E2
1.023333333E1,-1.419642857E0,-2.129464286E2,1.716182611E2
1.026666667E1,-1.419642857E0,-2.129464286E2,1.757073439E2
1.030000000E1,-1.419642857E0,-2.129464286E2,1.770867070E2
1.033333333E1,-1.419642857E0,-2.129464286E2,1.914406051E2
1.036666667E1,-1.419642857E0,-2.129464286E2,1.969722389E2
1.040000000E1,-1.419642857E0,-2.129464286E2,1.958361656E2
1.043333333E1,-1.419642857E0,-2.129464286E2,1.868607771E2
1.046666667E1,-1.419642857E0,-2.129464286E2,1.868261720E2
1.050000000E1,-1.419642857E0,-2.129464286E2,1.746300955E2
1.053333333E1,-1.419642857E0,-2.129464286E2,1.653611338E2
1.056666667E1,-1.419642857E0,-2.129464286E2,1.576638376E2
1.060000000E1,-1.419642857E0,-2.129464286E2,1.603647389E2
1.063333333E1,-1.419642857E0,-2.129464286E2,1.559223503E2
1.066666667E1,-1.419642857E0,-2.129464286E2,1.611849363E2
1.070000000E1,-1.419642857E0,-2.129464286E2,1.611212771E2
1.073333333E1,-1.419642857E0,-2.129464286E2,1.870183503E2
1.076666667E1,-1.419642857E0,-2.129464286E2,2.002607197E2
1.080000000E1,-1.419642857E0,-2.129464286E2,2.043203439E2
1.083333333E1,-1.419642857E0,-2.129464286E2,1.970756624E2
1.086666667E1,-1.419642857E0,-2.129464286E2,1.911710446E2
1.090000000E1,-1.419642857E0,-2.129464286E2,1.755678790E2
1.093333333E1,-1.419642857E0,-2.129464286E2,1.751965318E2
1.096666667E1,-1.419642857E0,-2.129464286E2,1.644351561E2
1.100000000E1,-1.419642857E0,-2.129464286E2,1.641949682E2
1.103333333E1,-1.419642857E0,-2.129464286E2,1.577942261E2
1.106666667E1,-1.419642857E0,-2.129464286E2,1.792596497E2
1.110000000E1,-1.419642857E0,-2.129464286E2,1.979767643E2
1.113333333E1,-1.419642857E0,-2.129464286E2,2.022168408E2
1.116666667E1,-1.419642857E0,-2.129464286E2,1.924082357E2
1.120000000E1,-1.419642857E0,-2.129464286E2,1.852475223E2
1.123333333E1,-1.419642857E0,-2.129464286E2,1.760350828E2
1.126666667E1,-1.419642857E0,-2.129464286E2,1.762838790E2
1.130000000E1,-1.419642857E0,-2.129464286E2,1.670779904E2
1.133333333E1,-1.419642857E0,-2.129464286E2,1.696541879E2
1.136666667E1,-1.419642857E0,-2.129464286E2,1.598322803E2
1.140000000E1,-1.419642857E0,-2.129464286E2,1.578326943E2
1.143333333E1,-1.419642857E0,-2.129464286E2,1.490591242E2
1.146666667E1,-1.419642857E0,-2.129464286E2,1.685941720E2
1.150000000E1,-1.419642857E0,-2.129464286E2,1.917554172E2
1.153333333E1,-1.419642857E0,-2.129464286E2,2.163271975E2
1.156666667E1,-1.419642857E0,-2.129464286E2,2.174152102E2
1.160000000E1,-1.419642857E0,-2.129464286E2,2.049379204E2
1.163333333E1,-1.419642857E0,-2.129464286E2,1.854005605E2
1.166666667E1,-1.419642857E0,-2.129464286E2,1.679802994E2
1.170000000E1,-1.419642857E0,-2.129464286E2,1.574396752E2
1.173333333E1,-1.419642857E0,-2.129464286E2,1.626406847E2
1.176666667E1,-1.419642857E0,-2.129464286E2,1.565153471E2
1.180000000E1,-1.419642857E0,-2.129464286E2,1.639944204E2
1.183333333E1,-1.419642857E0,-2.129464286E2,1.800457548E2
1.186666667E1,-1.419642857E0,-2.129464286E2,1.979046624E2
1.190000000E1,-1.419642857E0,-2.129464286E2,1.980439076E2
1.193333333E1,-1.419642857E0,-2.129464286E2,1.997538217E2
1.196666667E1,-1.419642857E0,-2.129464286E2,1.902624236E2
1.200000000E1,-1.419642857E0,-2.129464286E2,1.817118153E2
1.203333333E1,-1.419642857E0,-2.129464286E2,1.705637229E2
1.206666667E1,-1.419642857E0,-2.129464286E2,1.634784045E2
1.210000000E1,-1.419642857E0,-2.129464286E2,1.503052038E2
1.213333333E1,-1.419642857E0,-2.129464286E2,1.525228917E2
1.216666667E1,-1.419642857E0,-2.129464286E2,1.490745510E2
1.220000000E1,-1.419642857E0,-2.129464286E2,1.570580924E2
1.223333333E1,-1.419642857E0,-2.129464286E2,1.738563662E2
1.226666667E1,-1.419642857E0,-2.129464286E2,2.029378153E2
1.230000000E1,-1.419642857E0,-2.129464286E2,2.073054363E2
1.233333333E1,-1.419642857E0,-2.129464286E2,2.039128822E2
1.236666667E1,-1.419642857E0,-2.129464286E2,1.896256943E2
1.240000000E1,-1.419642857E0,-2.129464286E2,1.800696433E2
1.243333333E1,-1.419642857E0,-2.129464286E2,1.662693280E2
1.246666667E1,-1.419642857E0,-2.129464286E2,1.696422930E2
1.250000000E1,-1.419642857E0,-2.129464286E2,1.660203057E2
1.253333333E1,-1.419642857E0,-2.129464286E2,1.690877134E2
1.256666667E1,-1.419642857E0,-2.129464286E2,1.760398280E2
1.260000000E1,-1.419642857E0,-2.129464286E2,1.968281656E2
1.263333333E1,-1.419642857E0,-2.129464286E2,2.004561115E2
1.266666667E1,-1.419642857E0,-2.129464286E2,2.055439936E2
1.270000000E1,-1.419642857E0,-2.129464286E2,1.994174713E2
1.273333333E1,-1.419642857E0,-2.129464286E2,1.878864140E2
1.276666667E1,-1.419642857E0,-2.129464286E2,1.655866401E2
1.280000000E1,-1.419642857E0,-2.129464286E2,1.596410255E2
1.283333333E1,-1.419642857E0,-2.129464286E2,1.532036911E2
1.286666667E1,-1.419642857E0,-2.129464286E2,1.511277962E2
1.290000000E1,-1.419642857E0,-2.129464286E2,1.463940127E2
1.293333333E1,-1.419642857E0,-2.129464286E2,1.491519331E2
1.296666667E1,-1.419642857E0,-2.129464286E2,1.660389076E2
1.300000000E1,-1.419642857E0,-2.129464286E2,2.057642293E2
1.303333333E1,-1.419642857E0,-2.129464286E2,2.177528599E2
1.306666667E1,-1.419642857E0,-2.129464286E2,2.202635828E2
1.310000000E1,-1.419642857E0,-2.129464286E2,1.978837389E2
1.313333333E1,-1.419642857E0,-2.129464286E2,1.850808981E2
1.316666667E1,-1.419642857E0,-2.129464286E2,1.703701975E2
1.320000000E1,-1.419642857E0,-2.129464286E2,1.693426592E2
1.323333333E1,-1.419642857E0,-2.129464286E2,1.650279236E2
1.326666667E1,-1.419642857E0,-2.129464286E2,1.677893694E2
1.330000000E1,-1.419642857E0,-2.129464286E2,1.700530828E2
1.333333333E1,-1.419642857E0,-2.129464286E2,1.984678217E2
1.336666667E1,-1.419642857E0,-2.129464286E2,2.067869904E2
1.340000000E1,-1.419642857E0,-2.129464286E2,2.020093535E2
1.343333333E1,-1.419642857E0,-2.129464286E2,1.882871847E2
1.346666667E1,-1.419642857E0,-2.129464286E2,1.857016242E2
1.350000000E1,-1.419642857E0,-2.129464286E2,1.709576656E2
1.353333333E1,-1.419642857E0,-2.129464286E2,1.676436338E2
1.356666667E1,-1.419642857E0,-2.129464286E2,1.613905478E2
1.360000000E1,-1.419642857E0,-2.129464286E2,1.633586879E2
1.363333333E1,-1.419642857E0,-2.129464286E2,1.569952102E2
1.366666667E1,-1.419642857E0,-2.129464286E2,1.604151975E2
1.370000000E1,-1.419642857E0,-2.129464286E2,1.664843503E2
1.373333333E1,-1.419642857E0,-2.129464286E2,1.977693854E2
1.376666667E1,-1.419642857E0,-2.129464286E2,2.149570764E2
1.380000000E1,-1.419642857E0,-2.129464286E2,2.215025669E2
1.383333333E1,-1.419642857E0,-2.129464286E2,2.030263885E2
1.386666667E1,-1.419642857E0,-2.129464286E2,1.887663822E2
1.390000000E1,-1.419642857E0,-2.129464286E2,1.725821815E2
1.393333333E1,-1.419642857E0,-2.129464286E2,1.709973312E2
1.396666667E1,-1.419642857E0,-2.129464286E2,1.622198981E2
1.400000000E1,-1.419642857E0,-2.129464286E2,1.628268917E2
1.403333333E1,-1.419642857E0,-2.129464286E2,1.596548726E2
1.406666667E1,-1.419642857E0,-2.129464286E2,1.865713854E2
1.410000000E1,-1.419642857E0,-2.129464286E2,2.018259268E2
1.413333333E1,-1.419642857E0,-2.129464286E2,1.986499682E2
1.416666667E1,-1.419642857E0,-2.129464286E2,1.861921529E2
1.420000000E1,-1.419642857E0,-2.129464286E2,1.845586497E2
1.423333333E1,-1.419642857E0,-2.129464286E2,1.722517261E2
1.426666667E1,-1.419642857E0,-2.129464286E2,1.690607006E2
1.430000000E1,-1.419642857E0,-2.129464286E2,1.599719841E2
1.433333333E1,-1.419642857E0,-2.129464286E2,1.623804045E2
1.436666667E1,-1.419642857E0,-2.129464286E2,1.556315096E2
1.440000000E1,-1.419642857E0,-2.129464286E2,1.580927357E2
1.443333333E1,-1.419642857E0,-2.129464286E2,1.578718089E2
1.446666667E1,-1.419642857E0,-2.129464286E2,1.880834968E2
1.450000000E1,-1.419642857E0,-2.129464286E2,2.065369968E2
1.453333333E1,-1.419642857E0,-2.129464286E2,2.192767516E2
1.456666667E1,-1.419642857E0,-2.129464286E2,2.092096019E2
1.460000000E1,-1.419642857E0,-2.129464286E2,1.901909936E2
1.463333333E1,-1.419642857E0,-2.129464286E2,1.762609299E2
1.466666667E1,-1.419642857E0,-2.129464286E2,1.744849809E2
1.470000000E1,-1.419642857E0,-2.129464286E2,1.692146592E2
1.473333333E1,-1.419642857E0,-2.129464286E2,1.694919809E2
1.476666667E1,-1.419642857E0,-2.129464286E2,1.634966051E2
1.480000000E1,-1.419642857E0,-2.129464286E2,1.868714395E2
1.483333333E1,-1.419642857E0,-2.129464286E2,1.993391083E2
1.486666667E1,-1.419642857E0,-2.129464286E2,2.069382134E2
1.490000000E1,-1.419642857E0,-2.129464286E2,1.982135096E2
1.493333333E1,-1.419642857E0,-2.129464286E2,1.960641911E2
1.496666667E1,-1.419642857E0,-2.129464286E2,1.794699363E2
1.500000000E1,-1.419642857E0,-2.129464286E2,1.654214268E2
1.503333333E1,-1.419642857E0,-2.129464286E2,1.562044108E2
1.506666667E1,-1.419642857E0,-2.129464286E2,1.602266561E2
1.510000000E1,-1.419642857E0,-2.129464286E2,1.546798439E2
1.513333333E1,-1.419642857E0,-2.129464286E2,1.553117962E2
1.516666667E1,-1.419642857E0,-2.129464286E2,1.526152834E2
1.520000000E1,-1.419642857E0,-2.129464286E2,1.845695223E2
1.523333333E1,-1.419642857E0,-2.129464286E2,2.039944172E2
1.526666667E1,-1.419642857E0,-2.129464286E2,2.177063089E2
1.530000000E1,-1.419642857E0,-2.129464286E2,2.053141911E2
1.533333333E1,-1.419642857E0,-2.129464286E2,1.911501975E2
1.536666667E1,-1.419642857E0,-2.129464286E2,1.732777134E2
1.540000000E1,-1.419642857E0,-2.129464286E2,1.710135573E2
1.543333333E1,-1.419642857E0,-2.129464286E2,1.678750573E2
1.546666667E1,-1.419642857E0,-2.129464286E2,1.702836752E2
1.550000000E1,-1.419642857E0,-2.129464286E2,1.664465191E2
1.553333333E1,-1.419642857E0,-2.129464286E2,1.805394427E2
1.556666667E1,-1.419642857E0,-2.129464286E2,1.932272548E2
1.560000000E1,-1.419642857E0,-2.129464286E2,2.000334427E2
1.563333333E1,-1.419642857E0,-2.129464286E2,1.908681083E2
1.566666667E1,-1.419642857E0,-2.129464286E2,1.863796975E2
1.570000000E1,-1.419642857E0,-2.129464286E2,1.822387580E2
1.573333333E1,-1.419642857E0,-2.129464286E2,1.705555796E2
1.576666667E1,-1.419642857E0,-2.129464286E2,1.555512739E2
1.580000000E1,-1.419642857E0,-2.129464286E2,1.573245669E2
1.583333333E1,-1.419642857E0,-2.129464286E2,1.527373567E2
1.586666667E1,-1.419642857E0,-2.129464286E2,1.567980223E2
1.590000000E1,-1.419642857E0,-2.129464286E2,1.532747866E2
1.593333333E1,-1.419642857E0,-2.129464286E2,1.835681401E2
1.596666667E1,-1.419642857E0,-2.129464286E2,2.087847771E2
1.600000000E1,-1.419642857E0,-2.129464286E2,2.226297994E2
1.603333333E1,-1.419642857E0,-2.129464286E2,2.092108471E2
1.606666667E1,-1.419642857E0,-2.129464286E2,1.910483567E2
1.610000000E1,-1.419642857E0,-2.129464286E2,1.742604076E2
1.613333333E1,-1.419642857E0,-2.129464286E2,1.738614395E2
1.616666667E1,-1.419642857E0,-2.129464286E2,1.697144745E2
1.620000000E1,-1.419642857E0,-2.129464286E2,1.731288185E2
1.623333333E1,-1.419642857E0,-2.129464286E2,1.675754777E2
1.626666667E1,-1.419642857E0,-2.129464286E2,1.803449140E2
1.630000000E1,-1.419642857E0,-2.129464286E2,1.904714522E2
1.633333333E1,-1.419642857E0,-2.129464286E2,1.972970955E2
1.636666667E1,-1.419642857E0,-2.129464286E2,1.873164427E2
1.640000000E1,-1.419642857E0,-2.129464286E2,1.908496561E2
1.643333333E1,-1.419642857E0,-2.129464286E2,1.790424268E2
1.646666667E1,-1.419642857E0,-2.129464286E2,1.773571561E2
1.650000000E1,-1.419642857E0,-2.129464286E2,1.676223185E2
1.653333333E1,-1.419642857E0,-2.129464286E2,1.666484777E2
1.656666667E1,-1.419642857E0,-2.129464286E2,1.530287452E2
1.660000000E1,-1.419642857E0,-2.129464286E2,1.557319554E2
1.663333333E1,-1.419642857E0,-2.129464286E2,1.512597166E2
1.666666667E1,-1.419642857E0,-2.129464286E2,1.764061338E2
1.670000000E1,-1.419642857E0,-2.129464286E2,2.020923280E2
1.673333333E1,-1.419642857E0,-2.129464286E2,2.241738312E2
1.676666667E1,-1.419642857E0,-2.129464286E2,2.233013949E2
1.680000000E1,-1.419642857E0,-2.129464286E2,2.089080892E2
1.683333333E1,-1.419642857E0,-2.129464286E2,1.764708917E2
1.686666667E1,-1.419642857E0,-2.129464286E2,1.667016210E2
1.690000000E1,-1.419642857E0,-2.129464286E2,1.661581051E2
1.693333333E1,-1.419642857E0,-2.129464286E2,1.677679618E2
1.696666667E1,-1.419642857E0,-2.129464286E2,1.631378376E2
1.700000000E1,-1.419642857E0,-2.129464286E2,1.761444395E2
1.703333333E1,-1.419642857E0,-2.129464286E2,1.955982739E2
1.706666667E1,-1.419642857E0,-2.129464286E2,2.002149841E2
1.710000000E1,-1.419642857E0,-2.129464286E2,1.910742261E2
1.713333333E1,-1.419642857E0,-2.129464286E2,1.952078376E2
1.716666667E1,-1.419642857E0,-2.129464286E2,1.851277962E2
1.720000000E1,-1.419642857E0,-2.129464286E2,1.759659650E2
1.723333333E1,-1.419642857E0,-2.129464286E2,1.617937293E2
1.726666667E1,-1.419642857E0,-2.129464286E2,1.621475191E2
1.730000000E1,-1.419642857E0,-2.129464286E2,1.512752484E2
1.733333333E1,-1.419642857E0,-2.129464286E2,1.515213981E2
1.736666667E1,-1.419642857E0,-2.129464286E2,1.465398344E2
1.740000000E1,-1.419642857E0,-2.129464286E2,1.735188217E2
1.743333333E1,-1.419642857E0,-2.129464286E2,2.008457834E2
1.746666667E1,-1.419642857E0,-2.129464286E2,2.242875127E2
1.750000000E1,-1.419642857E0,-2.129464286E2,2.191297261E2
1.753333333E1,-1.419642857E0,-2.129464286E2,2.088037739E2
1.756666667E1,-1.419642857E0,-2.129464286E2,1.825283376E2
1.760000000E1,-1.419642857E0,-2.129464286E2,1.711630255E2
1.763333333E1,-1.419642857E0,-2.129464286E2,1.609219299E2
1.766666667E1,-1.419642857E0,-2.129464286E2,1.678039459E2
1.770000000E1,-1.419642857E0,-2.129464286E2,1.629142516E2
1.773333333E1,-1.419642857E0,-2.129464286E2,1.737368408E2
1.776666667E1,-1.419642857E0,-2.129464286E2,1.896465573E2
1.780000000E1,-1.419642857E0,-2.129464286E2,1.995272675E2
1.783333333E1,-1.419642857E0,-2.129464286E2,1.971851752E2
1.786666667E1,-1.419642857E0,-2.129464286E2,1.988068344E2
1.790000000E1,-1.419642857E0,-2.129464286E2,1.822216178E2
1.793333333E1,-1.419642857E0,-2.129464286E2,1.735814427E2
1.796666667E1,-1.419642857E0,-2.129464286E2,1.620693312E2
1.800000000E1,-1.419642857E0,-2.129464286E2,1.643541210E2
1.803333333E1,-1.419642857E0,-2.129464286E2,1.587490191E2
1.806666667E1,-1.419642857E0,-2.129464286E2,1.639444268E2
1.810000000E1,-1.419642857E0,-2.129464286E2,1.577605478E2
1.813333333E1,-1.419642857E0,-2.129464286E2,1.844564013E2
1.816666667E1,-1.419642857E0,-2.129464286E2,2.040826529E2
1.820000000E1,-1.419642857E0,-2.129464286E2,2.180914427E2
1.823333333E1,-1.419642857E0,-2.129464286E2,2.078784076E2
1.826666667E1,-1.419642857E0,-2.129464286E2,1.992757771E2
1.830000000E1,-1.419642857E0,-2.129464286E2,1.830811720E2
1.833333333E1,-1.419642857E0,-2.129464286E2,1.776443917E2
1.836666667E1,-1.419642857E0,-2.129464286E2,1.728624140E2
1.840000000E1,-1.419642857E0,-2.129464286E2,1.777017803E2
1.843333333E1,-1.419642857E0,-2.129464286E2,1.707647739E2
1.846666667E1,-1.419642857E0,-2.129464286E2,1.792301338E2
1.850000000E1,-1.419642857E0,-2.129464286E2,1.947602038E2
1.853333333E1,-1.419642857E0,-2.129464286E2,2.080195828E2
1.856666667E1,-1.419642857E0,-2.129464286E2,1.947473885E2
1.860000000E1,-1.419642857E0,-2.129464286E2,1.939993376E2
1.863333333E1,-1.419642857E0,-2.129464286E2,1.839941911E2
1.866666667E1,-1.419642857E0,-2.129464286E2,1.738044650E2
1.870000000E1,-1.419642857E0,-2.129464286E2,1.601793885E2
1.873333333E1,-1.419642857E0,-2.129464286E2,1.648423726E2
1.876666667E1,-1.419642857E0,-2.129464286E2,1.596739459E2
1.880000000E1,-1.419642857E0,-2.129464286E2,1.652970064E2
1.883333333E1,-1.419642857E0,-2.129464286E2,1.623336465E2
1.886666667E1,-1.419642857E0,-2.129464286E2,1.867961051E2
1.890000000E1,-1.419642857E0,-2.129464286E2,2.018624363E2
1.893333333E1,-1.419642857E0,-2.129464286E2,2.125319427E2
1.896666667E1,-1.419642857E0,-2.129464286E2,2.067798439E2
1.900000000E1,-1.419642857E0,-2.129464286E2,1.980044076E2
1.903333333E1,-1.419642857E0,-2.129464286E2,1.793381083E2
1.906666667E1,-1.419642857E0,-2.129464286E2,1.777793439E2
1.910000000E1,-1.419642857E0,-2.129464286E2,1.688379682E2
1.913333333E1,-1.419642857E0,-2.129464286E2,1.696931911E2
1.916666667E1,-1.419642857E0,-2.129464286E2,1.652122675E2
1.920000000E1,-1.419642857E0,-2.129464286E2,1.812122484E2
1.923333333E1,-1.419642857E0,-2.129464286E2,1.968740032E2
1.926666667E1,-1.419642857E0,-2.129464286E2,2.023402197E2
1.930000000E1,-1.419642857E0,-2.129464286E2,1.902899427E2
1.933333333E1,-1.419642857E0,-2.129464286E2,1.875941051E2
1.936666667E1,-1.419642857E0,-2.129464286E2,1.760098408E2
1.940000000E1,-1.419642857E0,-2.129464286E2,1.745941210E2
1.943333333E1,-1.419642857E0,-2.129464286E2,1.630094268E2
1.946666667E1,-1.419642857E0,-2.129464286E2,1.653617707E2
1.950000000E1,-1.419642857E0,-2.129464286E2,1.589713280E2
1.953333333E1,-1.419642857E0,-2.129464286E2,1.650655096E2
1.956666667E1,-1.419642857E0,-2.129464286E2,1.656439013E2
1.960000000E1,-1.419642857E0,-2.129464286E2,1.896373535E2
1.963333333E1,-1.419642857E0,-2.129464286E2,2.022499140E2
1.966666667E1,-1.419642857E0,-2.129464286E2,2.128215127E2
1.970000000E1,-1.419642857E0,-2.129464286E2,1.959853981E2
1.973333333E1,-1.419642857E0,-2.129464286E2,1.905102866E2
1.976666667E1,-1.419642857E0,-2.129464286E2,1.785746401E2
1.980000000E1,-1.419642857E0,-2.129464286E2,1.778673822E2
1.983333333E1,-1.419642857E0,-2.129464286E2,1.709939713E2
1.986666667E1,-1.419642857E0,-2.129464286E2,1.723565955E2
1.990000000E1,-1.419642857E0,-2.129464286E2,1.655744490E2
1.993333333E1,-1.419642857E0,-2.129464286E2,1.846193344E2
1.996666667E1,-1.419642857E0,-2.129464286E2,1.995721656E2
2.000000000E1,-1.419642857E0,-2.129464286E2,2.111581401E2
2.003333333E1,-1.419642857E0,-2.129464286E2,2.094771911E2
2.006666667E1,-1.419642857E0,-2.129464286E2,2.043457675E2
2.010000000E1,-1.419642857E0,-2.129464286E2,1.861975350E2
2.013333333E1,-1.419642857E0,-2.129464286E2,1.695621369E2
2.016666667E1,-1.419642857E0,-2.129464286E2,1.554870318E2
2.020000000E1,-1.419642857E0,-2.129464286E2,1.604105096E2
2.023333333E1,-1.419642857E0,-2.129464286E2,1.558819268E2
2.026666667E1,-1.419642857E0,-2.129464286E2,1.617254936E2
2.030000000E1,-1.419642857E0,-2.129464286E2,1.610084809E2
2.033333333E1,-1.419642857E0,-2.129464286E2,1.876501242E2
2.036666667E1,-1.419642857E0,-2.129464286E2,1.987251975E2
2.040000000E1,-1.419642857E0,-2.129464286E2,2.032313280E2
2.043333333E1,-1.419642857E0,-2.129464286E2,1.912162166E2
2.046666667E1,-1.419642857E0,-2.129464286E2,1.888689713E2
2.050000000E1,-1.419642857E0,-2.129464286E2,1.767476688E2
2.053333333E1,-1.419642857E0,-2.129464286E2,1.779198662E2
2.056666667E1,-1.419642857E0,-2.129464286E2,1.714495796E2
2.060000000E1,-1.419642857E0,-2.129464286E2,1.717140032E2
2.063333333E1,-1.419642857E0,-2.129464286E2,1.671049299E2
2.066666667E1,-1.419642857E0,-2.129464286E2,1.836590892E2
2.070000000E1,-1.419642857E0,-2.129464286E2,1.964857675E2
2.073333333E1,-1.419642857E0,-2.129464286E2,2.042980000E2
2.076666667E1,-1.419642857E0,-2.129464286E2,1.972507771E2
2.080000000E1,-1.419642857E0,-2.129464286E2,1.932104745E2
2.083333333E1,-1.419642857E0,-2.129464286E2,1.854096051E2
2.086666667E1,-1.419642857E0,-2.129464286E2,1.762427771E2
2.090000000E1,-1.419642857E0,-2.129464286E2,1.554786943E2
2.093333333E1,-1.419642857E0,-2.129464286E2,1.580102580E2
2.096666667E1,-1.419642857E0,-2.129464286E2,1.549287229E2
2.100000000E1,-1.419642857E0,-2.129464286E2,1.622241274E2
2.103333333E1,-1.419642857E0,-2.129464286E2,1.564846083E2
2.106666667E1,-1.419642857E0,-2.129464286E2,1.808638726E2
2.110000000E1,-1.419642857E0,-2.129464286E2,2.026830860E2
2.113333333E1,-1.419642857E0,-2.129464286E2,2.206202803E2
2.116666667E1,-1.419642857E0,-2.129464286E2,2.149100892E2
2.120000000E1,-1.419642857E0,-2.129464286E2,2.066285701E2
2.123333333E1,-1.419642857E0,-2.129464286E2,1.873003280E2
2.126666667E1,-1.419642857E0,-2.129464286E2,1.712278885E2
2.130000000E1,-1.419642857E0,-2.129464286E2,1.614238280E2
2.133333333E1,-1.419642857E0,-2.129464286E2,1.681426975E2
2.136666667E1,-1.419642857E0,-2.129464286E2,1.622348535E2
2.140000000E1,-1.419642857E0,-2.129464286E2,1.713702898E2
2.143333333E1,-1.419642857E0,-2.129464286E2,1.915989045E2
2.146666667E1,-1.419642857E0,-2.129464286E2,2.056512229E2
2.150000000E1,-1.419642857E0,-2.129464286E2,1.987903694E2
2.153333333E1,-1.419642857E0,-2.129464286E2,1.986329204E2
2.156666667E1,-1.419642857E0,-2.129464286E2,1.853397484E2
2.160000000E1,-1.419642857E0,-2.129464286E2,1.852647452E2
2.163333333E1,-1.419642857E0,-2.129464286E2,1.605541274E2
2.166666667E1,-1.419642857E0,-2.129464286E2,1.551077707E2
2.170000000E1,-1.419642857E0,-2.129464286E2,1.478583217E2
2.173333333E1,-1.419642857E0,-2.129464286E2,1.527344140E2
2.176666667E1,-1.419642857E0,-2.129464286E2,1.477876720E2
2.180000000E1,-1.419642857E0,-2.129464286E2,1.635878854E2
2.183333333E1,-1.419642857E0,-2.129464286E2,1.992363185E2
2.186666667E1,-1.419642857E0,-2.129464286E2,2.207276019E2
2.190000000E1,-1.419642857E0,-2.129464286E2,2.136007134E2
2.193333333E1,-1.419642857E0,-2.129464286E2,2.050808408E2
2.196666667E1,-1.419642857E0,-2.129464286E2,1.862184522E2
2.200000000E1,-1.419642857E0,-2.129464286E2,1.834860127E2
2.203333333E1,-1.419642857E0,-2.129464286E2,1.680521274E2
2.206666667E1,-1.419642857E0,-2.129464286E2,1.691685924E2
2.210000000E1,-1.419642857E0,-2.129464286E2,1.580469331E2
2.213333333E1,-1.419642857E0,-2.129464286E2,1.693372866E2
2.216666667E1,-1.419642857E0,-2.129464286E2,1.926405732E2
2.220000000E1,-1.419642857E0,-2.129464286E2,2.128496115E2
2.223333333E1,-1.419642857E0,-2.129464286E2,2.004558471E2
2.226666667E1,-1.419642857E0,-2.129464286E2,1.934853280E2
2.230000000E1,-1.419642857E0,-2.129464286E2,1.853314140E2
2.233333333E1,-1.419642857E0,-2.129464286E2,1.811162452E2
2.236666667E1,-1.419642857E0,-2.129464286E2,1.647501911E2
2.240000000E1,-1.419642857E0,-2.129464286E2,1.633742038E2
2.243333333E1,-1.419642857E0,-2.129464286E2,1.563528471E2
2.246666667E1,-1.419642857E0,-2.129464286E2,1.594953694E2
2.250000000E1,-1.419642857E0,-2.129464286E2,1.570215541E2
2.253333333E1,-1.419642857E0,-2.129464286E2,1.761176497E2
2.256666667E1,-1.419642857E0,-2.129464286E2,2.004300032E2
2.260000000E1,-1.419642857E0,-2.129464286E2,2.155110350E2
2.263333333E1,-1.419642857E0,-2.129464286E2,2.137870510E2
2.266666667E1,-1.419642857E0,-2.129464286E2,2.129920382E2
2.270000000E1,-1.419642857E0,-2.129464286E2,1.961484904E2
2.273333333E1,-1.419642857E0,-2.129464286E2,1.747152134E2
2.276666667E1,-1.419642857E0,-2.129464286E2,1.554659268E2
2.280000000E1,-1.419642857E0,-2.129464286E2,1.584420096E2
2.283333333E1,-1.419642857E0,-2.129464286E2,1.486269490E2
2.286666667E1,-1.419642857E0,-2.129464286E2,1.662795159E2
2.290000000E1,-1.419642857E0,-2.129464286E2,1.906865669E2
2.293333333E1,-1.419642857E0,-2.129464286E2,2.109488280E2
2.296666667E1,-1.419642857E0,-2.129464286E2,2.082469873E2
2.300000000E1,-1.419642857E0,-2.129464286E2,1.958439490E2
2.303333333E1,-1.419642857E0,-2.129464286E2,1.822406624E2
2.306666667E1,-1.419642857E0,-2.129464286E2,1.742460000E2
2.310000000E1,-1.419642857E0,-2.129464286E2,1.579760605E2
2.313333333E1,-1.419642857E0,-2.129464286E2,1.586275414E2
2.316666667E1,-1.419642857E0,-2.129464286E2,1.536891401E2
2.320000000E1,-1.419642857E0,-2.129464286E2,1.632120637E2
2.323333333E1,-1.419642857E0,-2.129464286E2,1.615915318E2
2.326666667E1,-1.419642857E0,-2.129464286E2,1.863139650E2
2.330000000E1,-1.419642857E0,-2.129464286E2,2.061271752E2
2.333333333E1,-1.419642857E0,-2.129464286E2,2.116142611E2
2.336666667E1,-1.419642857E0,-2.129464286E2,1.964151210E2
2.340000000E1,-1.419642857E0,-2.129464286E2,1.916919809E2
2.343333333E1,-1.419642857E0,-2.129464286E2,1.813924713E2
2.346666667E1,-1.419642857E0,-2.129464286E2,1.833924140E2
2.350000000E1,-1.419642857E0,-2.129464286E2,1.763484490E2
2.353333333E1,-1.419642857E0,-2.129464286E2,1.764850510E2
2.356666667E1,-1.419642857E0,-2.129464286E2,1.667972389E2
2.360000000E1,-1.419642857E0,-2.129464286E2,1.857603503E2
2.363333333E1,-1.419642857E0,-2.129464286E2,2.005390669E2
2.366666667E1,-1.419642857E0,-2.129464286E2,2.107759299E2
2.370000000E1,-1.419642857E0,-2.129464286E2,1.995407707E2
2.373333333E1,-1.419642857E0,-2.129464286E2,1.966334395E2
2.376666667E1,-1.419642857E0,-2.129464286E2,1.796597452E2
2.380000000E1,-1.419642857E0,-2.129464286E2,1.786700987E2
2.383333333E1,-1.419642857E0,-2.129464286E2,1.700168790E2
2.386666667E1,-1.419642857E0,-2.129464286E2,1.721106561E2
2.390000000E1,-1.419642857E0,-2.129464286E2,1.650874777E2
2.393333333E1,-1.419642857E0,-2.129464286E2,1.711194172E2
2.396666667E1,-1.419642857E0,-2.129464286E2,1.682735064E2
2.400000000E1,-1.419642857E0,-2.129464286E2,1.938215032E2
2.403333333E1,-1.419642857E0,-2.129464286E2,2.082158885E2
2.406666667E1,-1.419642857E0,-2.129464286E2,2.087016624E2
2.410000000E1,-1.419642857E0,-2.129464286E2,1.944126178E2
2.413333333E1,-1.419642857E0,-2.129464286E2,1.919814936E2
2.416666667E1,-1.419642857E0,-2.129464286E2,1.784656083E2
2.420000000E1,-1.419642857E0,-2.129464286E2,1.830446497E2
2.423333333E1,-1.419642857E0,-2.129464286E2,1.726527420E2
2.426666667E1,-1.419642857E0,-2.129464286E2,1.764170669E2
2.430000000E1,-1.419642857E0,-2.129464286E2,1.697681497E2
2.433333333E1,-1.419642857E0,-2.129464286E2,1.920195955E2
2.436666667E1,-1.419642857E0,-2.129464286E2,2.014360573E2
2.440000000E1,-1.419642857E0,-2.129464286E2,2.076808822E2
2.443333333E1,-1.419642857E0,-2.129464286E2,2.024095159E2
2.446666667E1,-1.419642857E0,-2.129464286E2,1.941697325E2
2.450000000E1,-1.419642857E0,-2.129464286E2,1.758807197E2
2.453333333E1,-1.419642857E0,-2.129464286E2,1.785206465E2
2.456666667E1,-1.419642857E0,-2.129464286E2,1.696415669E2
2.460000000E1,-1.419642857E0,-2.129464286E2,1.687279650E2
2.463333333E1,-1.419642857E0,-2.129464286E2,1.579261210E2
2.466666667E1,-1.419642857E0,-2.129464286E2,1.609288503E2
2.470000000E1,-1.419642857E0,-2.129464286E2,1.638710573E2
2.473333333E1,-1.419642857E0,-2.129464286E2,2.007161210E2
2.476666667E1,-1.419642857E0,-2.129464286E2,2.148215796E2
2.480000000E1,-1.419642857E0,-2.129464286E2,2.177274904E2
2.483333333E1,-1.419642857E0,-2.129464286E2,2.022338981E2
2.486666667E1,-1.419642857E0,-2.129464286E2,1.931960478E2
2.490000000E1,-1.419642857E0,-2.129464286E2,1.699844076E2
2.493333333E1,-1.419642857E0,-2.129464286E2,1.719444299E2
2.496666667E1,-1.419642857E0,-2.129464286E2,1.632273312E2
2.500000000E1,-1.419642857E0,-2.129464286E2,1.670262038E2
2.503333333E1,-1.419642857E0,-2.129464286E2,1.650142006E2
2.506666667E1,-1.419642857E0,-2.129464286E2,1.850273089E2
2.510000000E1,-1.419642857E0,-2.129464286E2,1.911287834E2
2.513333333E1,-1.419642857E0,-2.129464286E2,2.019470637E2
2.516666667E1,-1.419642857E0,-2.129464286E2,1.917066019E2
2.520000000E1,-1.419642857E0,-2.129464286E2,1.890167325E2
2.523333333E1,-1.419642857E0,-2.129464286E2,1.711212962E2
2.526666667E1,-1.419642857E0,-2.129464286E2,1.690948726E2
2.530000000E1,-1.419642857E0,-2.129464286E2,1.598957102E2
2.533333333E1,-1.419642857E0,-2.129464286E2,1.632758471E2
2.536666667E1,-1.419642857E0,-2.129464286E2,1.572096911E2
2.540000000E1,-1.419642857E0,-2.129464286E2,1.622101019E2
2.543333333E1,-1.419642857E0,-2.129464286E2,1.709002994E2
2.546666667E1,-1.419642857E0,-2.129464286E2,2.026141433E2
2.550000000E1,-1.419642857E0,-2.129464286E2,2.108851401E2
2.553333333E1,-1.419642857E0,-2.129464286E2,2.157867898E2
2.556666667E1,-1.419642857E0,-2.129464286E2,2.129602834E2
2.560000000E1,-1.419642857E0,-2.129464286E2,2.061964777E2
2.563333333E1,-1.419642857E0,-2.129464286E2,1.748859650E2
2.566666667E1,-1.419642857E0,-2.129464286E2,1.608369777E2
2.570000000E1,-1.419642857E0,-2.129464286E2,1.529130732E2
2.573333333E1,-1.419642857E0,-2.129464286E2,1.599539204E2
2.576666667E1,-1.419642857E0,-2.129464286E2,1.602489777E2
2.580000000E1,-1.419642857E0,-2.129464286E2,1.968807484E2
2.583333333E1,-1.419642857E0,-2.129464286E2,2.105109809E2
2.586666667E1,-1.419642857E0,-2.129464286E2,2.178090032E2
2.590000000E1,-1.419642857E0,-2.129464286E2,2.085346401E2
2.593333333E1,-1.419642857E0,-2.129464286E2,1.982082580E2
2.596666667E1,-1.419642857E0,-2.129464286E2,1.747591815E2
2.600000000E1,-1.419642857E0,-2.129464286E2,1.716590955E2
2.603333333E1,-1.419642857E0,-2.129464286E2,1.575163344E2
2.606666667E1,-1.419642857E0,-2.129464286E2,1.598083376E2
2.610000000E1,-1.419642857E0,-2.129464286E2,1.516540828E2
2.613333333E1,-1.419642857E0,-2.129464286E2,1.600582261E2
2.616666667E1,-1.419642857E0,-2.129464286E2,1.779213885E2
2.620000000E1,-1.419642857E0,-2.129464286E2,2.039894299E2
2.623333333E1,-1.419642857E0,-2.129464286E2,2.079002803E2
2.626666667E1,-1.419642857E0,-2.129464286E2,2.109207134E2
2.630000000E1,-1.419642857E0,-2.129464286E2,1.982958089E2
2.633333333E1,-1.419642857E0,-2.129464286E2,1.876586688E2
2.636666667E1,-1.419642857E0,-2.129464286E2,1.692767325E2
2.640000000E1,-1.419642857E0,-2.129464286E2,1.682090000E2
2.643333333E1,-1.419642857E0,-2.129464286E2,1.610563025E2
2.646666667E1,-1.419642857E0,-2.129464286E2,1.666536306E2
2.650000000E1,-1.419642857E0,-2.129464286E2,1.810169045E2
2.653333333E1,-1.419642857E0,-2.129464286E2,2.056650669E2
2.656666667E1,-1.419642857E0,-2.129464286E2,2.038264713E2
2.660000000E1,-1.419642857E0,-2.129464286E2,2.006130955E2
2.663333333E1,-1.419642857E0,-2.129464286E2,1.893109459E2
2.666666667E1,-1.419642857E0,-2.129464286E2,1.819766911E2
2.670000000E1,-1.419642857E0,-2.129464286E2,1.666298280E2
2.673333333E1,-1.419642857E0,-2.129464286E2,1.704305096E2
2.676666667E1,-1.419642857E0,-2.129464286E2,1.668868917E2
2.680000000E1,-1.419642857E0,-2.129464286E2,1.692814045E2
2.683333333E1,-1.419642857E0,-2.129464286E2,1.635261688E2
2.686666667E1,-1.419642857E0,-2.129464286E2,1.844147325E2
2.690000000E1,-1.419642857E0,-2.129464286E2,2.037981815E2
2.693333333E1,-1.419642857E0,-2.129464286E2,2.132346369E2
2.696666667E1,-1.419642857E0,-2.129464286E2,2.005990255E2
2.700000000E1,-1.419642857E0,-2.129464286E2,1.946445605E2
2.703333333E1,-1.419642857E0,-2.129464286E2,1.801210382E2
2.706666667E1,-1.419642857E0,-2.129464286E2,1.810316497E2
2.710000000E1,-1.419642857E0,-2.129464286E2,1.737051783E2
2.713333333E1,-1.419642857E0,-2.129464286E2,1.777531465E2
2.716666667E1,-1.419642857E0,-2.129464286E2,1.733328376E2
2.720000000E1,-1.419642857E0,-2.129464286E2,1.873788025E2
2.723333333E1,-1.419642857E0,-2.129464286E2,1.991299968E2
2.726666667E1,-1.419642857E0,-2.129464286E2,2.010480701E2
2.730000000E1,-1.419642857E0,-2.129464286E2,1.900546815E2
2.733333333E1,-1.419642857E0,-2.129464286E2,1.912326752E2
2.736666667E1,-1.419642857E0,-2.129464286E2,1.804593822E2
2.740000000E1,-1.419642857E0,-2.129464286E2,1.791894809E2
2.743333333E1,-1.419642857E0,-2.129464286E2,1.616810000E2
2.746666667E1,-1.419642857E0,-2.129464286E2,1.615193694E2
2.750000000E1,-1.419642857E0,-2.129464286E2,1.515015796E2
2.753333333E1,-1.419642857E0,-2.129464286E2,1.614547134E2
2.756666667E1,-1.419642857E0,-2.129464286E2,1.604744172E2
2.760000000E1,-1.419642857E0,-2.129464286E2,1.852608153E2
2.763333333E1,-1.419642857E0,-2.129464286E2,1.964843439E2
2.766666667E1,-1.419642857E0,-2.129464286E2,2.078018025E2
2.770000000E1,-1.419642857E0,-2.129464286E2,1.971951401E2
2.773333333E1,-1.419642857E0,-2.129464286E2,1.912010573E2
2.776666667E1,-1.419642857E0,-2.129464286E2,1.788184522E2
2.780000000E1,-1.419642857E0,-2.129464286E2,1.843116051E2
2.783333333E1,-1.419642857E0,-2.129464286E2,1.772981019E2
2.786666667E1,-1.419642857E0,-2.129464286E2,1.821463949E2
2.790000000E1,-1.419642857E0,-2.129464286E2,1.781731656E2
2.793333333E1,-1.419642857E0,-2.129464286E2,1.959544841E2
2.796666667E1,-1.419642857E0,-2.129464286E2,1.969376847E2
2.800000000E1,-1.419642857E0,-2.129464286E2,1.999003439E2
2.803333333E1,-1.419642857E0,-2.129464286E2,1.884910764E2
2.806666667E1,-1.419642857E0,-2.129464286E2,1.912109140E2
2.810000000E1,-1.419642857E0,-2.129464286E2,1.810827229E2
2.813333333E1,-1.419642857E0,-2.129464286E2,1.818395382E2
2.816666667E1,-1.419642857E0,-2.129464286E2,1.703732611E2
2.820000000E1,-1.419642857E0,-2.129464286E2,1.713592643E2
2.823333333E1,-1.419642857E0,-2.129464286E2,1.617798917E2
2.826666667E1,-1.419642857E0,-2.129464286E2,1.667470955E2
2.830000000E1,-1.419642857E0,-2.129464286E2,1.676176083E2
2.833333333E1,-1.419642857E0,-2.129464286E2,1.967444108E2
2.836666667E1,-1.419642857E0,-2.129464286E2,2.072390955E2
2.840000000E1,-1.419642857E0,-2.129464286E2,2.147676083E2
2.843333333E1,-1.419642857E0,-2.129464286E2,2.030845924E2
2.846666667E1,-1.419642857E0,-2.129464286E2,1.959550701E2
2.850000000E1,-1.419642857E0,-2.129464286E2,1.798453535E2
2.853333333E1,-1.419642857E0,-2.129464286E2,1.793860191E2
2.856666667E1,-1.419642857E0,-2.129464286E2,1.678812834E2
2.860000000E1,-1.419642857E0,-2.129464286E2,1.724150000E2
2.863333333E1,-1.419642857E0,-2.129464286E2,1.671953822E2
2.866666667E1,-1.419642857E0,-2.129464286E2,1.925767420E2
2.870000000E1,-1.419642857E0,-2.129464286E2,2.048472803E2
2.873333333E1,-1.419642857E0,-2.129464286E2,2.160056847E2
2.876666667E1,-1.419642857E0,-2.129464286E2,2.110011592E2
2.880000000E1,-1.419642857E0,-2.129464286E2,2.066144331E2
2.883333333E1,-1.419642857E0,-2.129464286E2,1.831376433E2
2.886666667E1,-1.419642857E0,-2.129464286E2,1.761286720E2
2.890000000E1,-1.419642857E0,-2.129464286E2,1.590756433E2
2.893333333E1,-1.419642857E0,-2.129464286E2,1.602755955E2
2.896666667E1,-1.419642857E0,-2.129464286E2,1.541358631E2
2.900000000E1,-1.419642857E0,-2.129464286E2,1.596899554E2
2.903333333E1,-1.419642857E0,-2.129464286E2,1.677697038E2
2.906666667E1,-1.419642857E0,-2.129464286E2,2.005248631E2
2.910000000E1,-1.419642857E0,-2.129464286E2,2.135797643E2
2.913333333E1,-1.419642857E0,-2.129464286E2,2.218865987E2
2.916666667E1,-1.419642857E0,-2.129464286E2,2.118889140E2
2.920000000E1,-1.419642857E0,-2.129464286E2,2.038757197E2
2.923333333E1,-1.419642857E0,-2.129464286E2,2.038215796E2
2.926666667E1,-1.419642857E0,-2.129464286E2,1.800881242E2
2.930000000E1,-1.419642857E0,-2.129464286E2,1.695182771E2
2.933333333E1,-1.419642857E0,-2.129464286E2,1.580158344E2
2.936666667E1,-1.419642857E0,-2.129464286E2,1.604153248E2
2.940000000E1,-1.419642857E0,-2.129464286E2,1.606437866E2
2.943333333E1,-1.419642857E0,-2.129464286E2,1.933503758E2
2.946666667E1,-1.419642857E0,-2.129464286E2,2.078859331E2
2.950000000E1,-1.419642857E0,-2.129464286E2,2.185972038E2
2.953333333E1,-1.419642857E0,-2.129464286E2,2.118637548E2
2.956666667E1,-1.419642857E0,-2.129464286E2,2.137520987E2
2.960000000E1,-1.419642857E0,-2.129464286E2,1.924890955E2
2.963333333E1,-1.419642857E0,-2.129464286E2,1.679364777E2
2.966666667E1,-1.419642857E0,-2.129464286E2,1.555319936E2
2.970000000E1,-1.419642857E0,-2.129464286E2,1.613957484E2
2.973333333E1,-1.419642857E0,-2.129464286E2,1.543159108E2
2.976666667E1,-1.419642857E0,-2.129464286E2,1.592222548E2
2.980000000E1,-1.419642857E0,-2.129464286E2,1.642401401E2
2.983333333E1,-1.419642857E0,-2.129464286E2,1.967569236E2
2.986666667E1,-1.419642857E0,-2.129464286E2,2.149215350E2
2.990000000E1,-1.419642857E0,-2.129464286E2,2.267647166E2
2.993333333E1,-1.419642857E0,-2.129464286E2,2.179843121E2
2.996666667E1,-1.419642857E0,-2.129464286E2,2.118487707E2
3.000000000E1,-1.419642857E0,-2.129464286E2,1.794692675E2
3.003333333E1,-1.419642857E0,-2.129464286E2,1.717916465E2
3.006666667E1,-1.419642857E0,-2.129464286E2,1.617979554E2
3.010000000E1,-1.419642857E0,-2.129464286E2,1.673175573E2
3.013333333E1,-1.419642857E0,-2.129464286E2,1.696232771E2
3.016666667E1,-1.419642857E0,-2.129464286E2,1.984921210E2
3.020000000E1,-1.419642857E0,-2.129464286E2,2.094885287E2
3.023333333E1,-1.419642857E0,-2.129464286E2,2.236068503E2
3.026666667E1,-1.419642857E0,-2.129464286E2,2.139172611E2
3.030000000E1,-1.419642857E0,-2.129464286E2,2.009950701E2
3.033333333E1,-1.419642857E0,-2.129464286E2,1.725554013E2
3.036666667E1,-1.419642857E0,-2.129464286E2,1.723289554E2
3.040000000E1,-1.419642857E0,-2.129464286E2,1.596771497E2
3.043333333E1,-1.419642857E0,-2.129464286E2,1.619282389E2
3.046666667E1,-1.419642857E0,-2.129464286E2,1.559144554E2
3.050000000E1,-1.419642857E0,-2.129464286E2,1.618629841E2
3.053333333E1,-1.419642857E0,-2.129464286E2,1.769512994E2
3.056666667E1,-1.419642857E0,-2.129464286E2,2.046060159E2
3.060000000E1,-1.419642857E0,-2.129464286E2,2.080213758E2
3.063333333E1,-1.419642857E0,-2.129464286E2,2.115779841E2
3.066666667E1,-1.419642857E0,-2.129464286E2,1.945897930E2
3.070000000E1,-1.419642857E0,-2.129464286E2,1.881967452E2
3.073333333E1,-1.419642857E0,-2.129464286E2,1.742502516E2
3.076666667E1,-1.419642857E0,-2.129464286E2,1.749443949E2
3.080000000E1,-1.419642857E0,-2.129464286E2,1.683849586E2
3.083333333E1,-1.419642857E0,-2.129464286E2,1.724350255E2
3.086666667E1,-1.419642857E0,-2.129464286E2,1.844830701E2
3.090000000E1,-1.419642857E0,-2.129464286E2,2.070933917E2
3.093333333E1,-1.419642857E0,-2.129464286E2,2.101361497E2
3.096666667E1,-1.419642857E0,-2.129464286E2,2.074653471E2
3.100000000E1,-1.419642857E0,-2.129464286E2,1.915654586E2
3.103333333E1,-1.419642857E0,-2.129464286E2,1.886198790E2
3.106666667E1,-1.419642857E0,-2.129464286E2,1.719147771E2
3.110000000E1,-1.419642857E0,-2.129464286E2,1.706088408E2
3.113333333E1,-1.419642857E0,-2.129464286E2,1.610491592E2
3.116666667E1,-1.419642857E0,-2.129464286E2,1.685776879E2
3.120000000E1,-1.419642857E0,-2.129464286E2,1.640955796E2
3.123333333E1,-1.419642857E0,-2.129464286E2,1.776523471E2
3.126666667E1,-1.419642857E0,-2.129464286E2,1.897458535E2
3.130000000E1,-1.419642857E0,-2.129464286E2,2.101349490E2
3.133333333E1,-1.419642857E0,-2.129464286E2,2.029993153E2
3.136666667E1,-1.419642857E0,-2.129464286E2,2.071279045E2
3.140000000E1,-1.419642857E0,-2.129464286E2,1.927394968E2
3.143333333E1,-1.419642857E0,-2.129464286E2,1.865638567E2
3.146666667E1,-1.419642857E0,-2.129464286E2,1.730739841E2
3.150000000E1,-1.419642857E0,-2.129464286E2,1.799724331E2
3.153333333E1,-1.419642857E0,-2.129464286E2,1.738511401E2
3.156666667E1,-1.419642857E0,-2.129464286E2,1.816875732E2
3.160000000E1,-1.419642857E0,-2.129464286E2,1.940356338E2
3.163333333E1,-1.419642857E0,-2.129464286E2,2.140352643E2
3.166666667E1,-1.419642857E0,-2.129464286E2,2.124192452E2
3.170000000E1,-1.419642857E0,-2.129464286E2,2.147845510E2
3.173333333E1,-1.419642857E0,-2.129464286E2,1.988312516E2
3.176666667E1,-1.419642857E0,-2.129464286E2,1.876124204E2
3.180000000E1,-1.419642857E0,-2.129464286E2,1.644349713E2
3.183333333E1,-1.419642857E0,-2.129464286E2,1.705907484E2
3.186666667E1,-1.419642857E0,-2.129464286E2,1.637269554E2
3.190000000E1,-1.419642857E0,-2.129464286E2,1.654895223E2
3.193333333E1,-1.419642857E0,-2.129464286E2,1.585506178E2
3.196666667E1,-1.419642857E0,-2.129464286E2,1.777210064E2
3.200000000E1,-1.419642857E0,-2.129464286E2,1.935741975E2
3.203333333E1,-1.419642857E0,-2.129464286E2,2.111927325E2
3.206666667E1,-1.419642857E0,-2.129464286E2,2.150584395E2
3.210000000E1,-1.419642857E0,-2.129464286E2,2.097589045E2
3.213333333E1,-1.419642857E0,-2.129464286E2,1.895914140E2
3.216666667E1,-1.419642857E0,-2.129464286E2,1.760143376E2
3.220000000E1,-1.419642857E0,-2.129464286E2,1.644659713E2
3.223333333E1,-1.419642857E0,-2.129464286E2,1.719080350E2
3.226666667E1,-1.419642857E0,-2.129464286E2,1.635161401E2
3.230000000E1,-1.419642857E0,-2.129464286E2,1.800806433E2
3.233333333E1,-1.419642857E0,-2.129464286E2,1.916554236E2
3.236666667E1,-1.419642857E0,-2.129464286E2,2.087067803E2
3.240000000E1,-1.419642857E0,-2.129464286E2,2.108258217E2
3.243333333E1,-1.419642857E0,-2.129464286E2,2.127924841E2
3.246666667E1,-1.419642857E0,-2.129464286E2,1.970177516E2
3.250000000E1,-1.419642857E0,-2.129464286E2,1.830609331E2
3.253333333E1,-1.419642857E0,-2.129464286E2,1.609091656E2
3.256666667E1,-1.419642857E0,-2.129464286E2,1.598189013E2
3.260000000E1,-1.419642857E0,-2.129464286E2,1.510342134E2
3.263333333E1,-1.419642857E0,-2.129464286E2,1.512114013E2
3.266666667E1,-1.419642857E0,-2.129464286E2,1.478255796E2
3.270000000E1,-1.419642857E0,-2.129464286E2,1.690171083E2
3.273333333E1,-1.419642857E0,-2.129464286E2,1.865987548E2
3.276666667E1,-1.419642857E0,-2.129464286E2,2.117085287E2
3.280000000E1,-1.419642857E0,-2.129464286E2,2.142694968E2
3.283333333E1,-1.419642857E0,-2.129464286E2,2.123860796E2
3.286666667E1,-1.419642857E0,-2.129464286E2,1.916397580E2
3.290000000E1,-1.419642857E0,-2.129464286E2,1.809960382E2
3.293333333E1,-1.419642857E0,-2.129464286E2,1.637931720E2
3.296666667E1,-1.419642857E0,-2.129464286E2,1.642954140E2
3.300000000E1,-1.419642857E0,-2.129464286E2,1.577064331E2
3.303333333E1,-1.419642857E0,-2.129464286E2,1.715189076E2
3.306666667E1,-1.419642857E0,-2.129464286E2,1.979501465E2
3.310000000E1,-1.419642857E0,-2.129464286E2,2.129679554E2
3.313333333E1,-1.419642857E0,-2.129464286E2,2.102872643E2
3.316666667E1,-1.419642857E0,-2.129464286E2,2.119900828E2
3.320000000E1,-1.419642857E0,-2.129464286E2,2.003703567E2
3.323333333E1,-1.419642857E0,-2.129464286E2,1.892427070E2
3.326666667E1,-1.419642857E0,-2.129464286E2,1.629733408E2
3.330000000E1,-1.419642857E0,-2.129464286E2,1.610278408E2
3.333333333E1,-1.419642857E0,-2.129464286E2,1.509385414E2
3.336666667E1,-1.419642857E0,-2.129464286E2,1.574048344E2
3.340000000E1,-1.419642857E0,-2.129464286E2,1.541373885E2
3.343333333E1,-1.419642857E0,-2.129464286E2,1.825744841E2
3.346666667E1,-1.419642857E0,-2.129464286E2,2.090624395E2
3.350000000E1,-1.419642857E0,-2.129464286E2,2.229094936E2
3.353333333E1,-1.419642857E0,-2.129464286E2,2.052029172E2
3.356666667E1,-1.419642857E0,-2.129464286E2,1.964300987E2
3.360000000E1,-1.419642857E0,-2.129464286E2,1.839015064E2
3.363333333E1,-1.419642857E0,-2.129464286E2,1.842648025E2
3.366666667E1,-1.419642857E0,-2.129464286E2,1.704696624E2
3.370000000E1,-1.419642857E0,-2.129464286E2,1.726811911E2
3.373333333E1,-1.419642857E0,-2.129464286E2,1.635740223E2
3.376666667E1,-1.419642857E0,-2.129464286E2,1.843851242E2
3.380000000E1,-1.419642857E0,-2.129464286E2,2.044644045E2
3.383333333E1,-1.419642857E0,-2.129464286E2,2.110565032E2
3.386666667E1,-1.419642857E0,-2.129464286E2,2.012985669E2
3.390000000E1,-1.419642857E0,-2.129464286E2,2.025490096E2
3.393333333E1,-1.419642857E0,-2.129464286E2,1.829001210E2
3.396666667E1,-1.419642857E0,-2.129464286E2,1.794912898E2
3.400000000E1,-1.419642857E0,-2.129464286E2,1.640898631E2
3.403333333E1,-1.419642857E0,-2.129464286E2,1.690835159E2
3.406666667E1,-1.419642857E0,-2.129464286E2,1.602331210E2
3.410000000E1,-1.419642857E0,-2.129464286E2,1.637448439E2
3.413333333E1,-1.419642857E0,-2.129464286E2,1.634841401E2
3.416666667E1,-1.419642857E0,-2.129464286E2,1.937971815E2
3.420000000E1,-1.419642857E0,-2.129464286E2,2.050081529E2
3.423333333E1,-1.419642857E0,-2.129464286E2,2.116856783E2
3.426666667E1,-1.419642857E0,-2.129464286E2,2.037697611E2
3.430000000E1,-1.419642857E0,-2.129464286E2,1.988576369E2
3.433333333E1,-1.419642857E0,-2.129464286E2,1.817988089E2
3.436666667E1,-1.419642857E0,-2.129464286E2,1.810209172E2
3.440000000E1,-1.419642857E0,-2.129464286E2,1.758396115E2
3.443333333E1,-1.419642857E0,-2.129464286E2,1.850720605E2
3.446666667E1,-1.419642857E0,-2.129464286E2,1.838356433E2
3.450000000E1,-1.419642857E0,-2.129464286E2,1.955975987E2
3.453333333E1,-1.419642857E0,-2.129464286E2,1.923907580E2
3.456666667E1,-1.419642857E0,-2.129464286E2,1.978857484E2
3.460000000E1,-1.419642857E0,-2.129464286E2,1.867975637E2
3.463333333E1,-1.419642857E0,-2.129464286E2,1.879413089E2
3.466666667E1,-1.419642857E0,-2.129464286E2,1.769654873E2
3.470000000E1,-1.419642857E0,-2.129464286E2,1.768721783E2
3.473333333E1,-1.419642857E0,-2.129464286E2,1.673960414E2
3.476666667E1,-1.419642857E0,-2.129464286E2,1.690829172E2
3.480000000E1,-1.419642857E0,-2.129464286E2,1.617160541E2
3.483333333E1,-1.419642857E0,-2.129464286E2,1.644444172E2
3.486666667E1,-1.419642857E0,-2.129464286E2,1.721820892E2
3.490000000E1,-1.419642857E0,-2.129464286E2,2.054336975E2
3.493333333E1,-1.419642857E0,-2.129464286E2,2.055940796E2
3.496666667E1,-1.419642857E0,-2.129464286E2,2.089007293E2
3.500000000E1,-1.419642857E0,-2.129464286E2,1.924677357E2
3.503333333E1,-1.419642857E0,-2.129464286E2,1.860466656E2
3.506666667E1,-1.419642857E0,-2.129464286E2,1.766256879E2
3.510000000E1,-1.419642857E0,-2.129464286E2,1.787392994E2
3.513333333E1,-1.419642857E0,-2.129464286E2,1.744590860E2
3.516666667E1,-1.419642857E0,-2.129464286E2,1.798213025E2
3.520000000E1,-1.419642857E0,-2.129464286E2,1.793883217E2
3.523333333E1,-1.419642857E0,-2.129464286E2,1.978843280E2
3.526666667E1,-1.419642857E0,-2.129464286E2,1.994572420E2
3.530000000E1,-1.419642857E0,-2.129464286E2,2.085577548E2
3.533333333E1,-1.419642857E0,-2.129464286E2,1.941620318E2
3.536666667E1,-1.419642857E0,-2.129464286E2,1.922175987E2
3.540000000E1,-1.419642857E0,-2.129464286E2,1.752017389E2
3.543333333E1,-1.419642857E0,-2.129464286E2,1.737944459E2
3.546666667E1,-1.419642857E0,-2.129464286E2,1.644623567E2
3.550000000E1,-1.419642857E0,-2.129464286E2,1.706415287E2
3.553333333E1,-1.419642857E0,-2.129464286E2,1.644045159E2
3.556666667E1,-1.419642857E0,-2.129464286E2,1.703645127E2
3.560000000E1,-1.419642857E0,-2.129464286E2,1.781731306E2
3.563333333E1,-1.419642857E0,-2.129464286E2,2.050962866E2
3.566666667E1,-1.419642857E0,-2.129464286E2,2.100255605E2
3.570000000E1,-1.419642857E0,-2.129464286E2,2.157410191E2
3.573333333E1,-1.419642857E0,-2.129464286E2,1.970043567E2
3.576666667E1,-1.419642857E0,-2.129464286E2,1.889076465E2
3.580000000E1,-1.419642857E0,-2.129464286E2,1.728626306E2
3.583333333E1,-1.419642857E0,-2.129464286E2,1.687445287E2
3.586666667E1,-1.419642857E0,-2.129464286E2,1.645045637E2
3.590000000E1,-1.419642857E0,-2.129464286E2,1.693279873E2
3.593333333E1,-1.419642857E0,-2.129464286E2,1.709571911E2
3.596666667E1,-1.419642857E0,-2.129464286E2,2.010385510E2
3.600000000E1,-1.419642857E0,-2.129464286E2,2.063416369E2
3.603333333E1,-1.419642857E0,-2.129464286E2,2.156516401E2
3.606666667E1,-1.419642857E0,-2.129464286E2,2.047513567E2
3.610000000E1,-1.419642857E0,-2.129464286E2,1.941813248E2
3.613333333E1,-1.419642857E0,-2.129464286E2,1.784592070E2
3.616666667E1,-1.419642857E0,-2.129464286E2,1.718156306E2
3.620000000E1,-1.419642857E0,-2.129464286E2,1.592278312E2
3.623333333E1,-1.419642857E0,-2.129464286E2,1.659127484E2
3.626666667E1,-1.419642857E0,-2.129464286E2,1.581337357E2
3.630000000E1,-1.419642857E0,-2.129464286E2,1.619029299E2
3.633333333E1,-1.419642857E0,-2.129464286E2,1.742512102E2
3.636666667E1,-1.419642857E0,-2.129464286E2,2.057748662E2
3.640000000E1,-1.419642857E0,-2.129464286E2,2.080459331E2
3.643333333E1,-1.419642857E0,-2.129464286E2,2.129330669E2
3.646666667E1,-1.419642857E0,-2.129464286E2,2.052682357E2
3.650000000E1,-1.419642857E0,-2.129464286E2,2.059829841E2
3.653333333E1,-1.419642857E0,-2.129464286E2,1.811482357E2
3.656666667E1,-1.419642857E0,-2.129464286E2,1.660700605E2
3.660000000E1,-1.419642857E0,-2.129464286E2,1.550964140E2
3.663333333E1,-1.419642857E0,-2.129464286E2,1.580808153E2
3.666666667E1,-1.419642857E0,-2.129464286E2,1.591825955E2
3.670000000E1,-1.419642857E0,-2.129464286E2,1.970092325E2
3.673333333E1,-1.419642857E0,-2.129464286E2,2.112655478E2
3.676666667E1,-1.419642857E0,-2.129464286E2,2.175670541E2
3.680000000E1,-1.419642857E0,-2.129464286E2,1.993514076E2
3.683333333E1,-1.419642857E0,-2.129464286E2,1.962508726E2
3.686666667E1,-1.419642857E0,-2.129464286E2,1.809940828E2
3.690000000E1,-1.419642857E0,-2.129464286E2,1.711654108E2
3.693333333E1,-1.419642857E0,-2.129464286E2,1.554154363E2
3.696666667E1,-1.419642857E0,-2.129464286E2,1.590607134E2
3.700000000E1,-1.419642857E0,-2.129464286E2,1.476919968E2
3.703333333E1,-1.419642857E0,-2.129464286E2,1.533314841E2
3.706666667E1,-1.419642857E0,-2.129464286E2,1.698682452E2
3.710000000E1,-1.419642857E0,-2.129464286E2,2.084986306E2
3.713333333E1,-1.419642857E0,-2.129464286E2,2.244757325E2
3.716666667E1,-1.419642857E0,-2.129464286E2,2.240017739E2
3.720000000E1,-1.419642857E0,-2.129464286E2,2.057331783E2
3.723333333E1,-1.419642857E0,-2.129464286E2,1.975644140E2
3.726666667E1,-1.419642857E0,-2.129464286E2,1.752943280E2
3.730000000E1,-1.419642857E0,-2.129464286E2,1.711228599E2
3.733333333E1,-1.419642857E0,-2.129464286E2,1.618914650E2
3.736666667E1,-1.419642857E0,-2.129464286E2,1.676013854E2
3.740000000E1,-1.419642857E0,-2.129464286E2,1.736578185E2
3.743333333E1,-1.419642857E0,-2.129464286E2,2.061939682E2
3.746666667E1,-1.419642857E0,-2.129464286E2,2.111208089E2
3.750000000E1,-1.419642857E0,-2.129464286E2,2.108567611E2
3.753333333E1,-1.419642857E0,-2.129464286E2,2.039098089E2
3.756666667E1,-1.419642857E0,-2.129464286E2,2.066956497E2
3.760000000E1,-1.419642857E0,-2.129464286E2,1.937450892E2
3.763333333E1,-1.419642857E0,-2.129464286E2,1.711096624E2
3.766666667E1,-1.419642857E0,-2.129464286E2,1.454402484E2
3.770000000E1,-1.419642857E0,-2.129464286E2,1.482613153E2
3.773333333E1,-1.419642857E0,-2.129464286E2,1.428113057E2
3.776666667E1,-1.419642857E0,-2.129464286E2,1.470091242E2
3.780000000E1,-1.419642857E0,-2.129464286E2,1.658463376E2
3.783333333E1,-1.419642857E0,-2.129464286E2,2.066268503E2
3.786666667E1,-1.419642857E0,-2.129464286E2,2.204122229E2
3.790000000E1,-1.419642857E0,-2.129464286E2,2.253467102E2
3.793333333E1,-1.419642857E0,-2.129464286E2,2.022477898E2
3.796666667E1,-1.419642857E0,-2.129464286E2,1.899350032E2
3.800000000E1,-1.419642857E0,-2.129464286E2,1.709978599E2
3.803333333E1,-1.419642857E0,-2.129464286E2,1.723438567E2
3.806666667E1,-1.419642857E0,-2.129464286E2,1.663427357E2
3.810000000E1,-1.419642857E0,-2.129464286E2,1.707369522E2
3.813333333E1,-1.419642857E0,-2.129464286E2,1.763750732E2
3.816666667E1,-1.419642857E0,-2.129464286E2,2.095477006E2
3.820000000E1,-1.419642857E0,-2.129464286E2,2.103289777E2
3.823333333E1,-1.419642857E0,-2.129464286E2,2.140488248E2
3.826666667E1,-1.419642857E0,-2.129464286E2,2.024999363E2
3.830000000E1,-1.419642857E0,-2.129464286E2,1.975201592E2
3.833333333E1,-1.419642857E0,-2.129464286E2,1.787245892E2
3.836666667E1,-1.419642857E0,-2.129464286E2,1.728979682E2
3.840000000E1,-1.419642857E0,-2.129464286E2,1.662432707E2
3.843333333E1,-1.419642857E0,-2.129464286E2,1.732353981E2
3.846666667E1,-1.419642857E0,-2.129464286E2,1.606549268E2
3.850000000E1,-1.419642857E0,-2.129464286E2,1.600710064E2
3.853333333E1,-1.419642857E0,-2.129464286E2,1.783478726E2
3.856666667E1,-1.419642857E0,-2.129464286E2,2.153387293E2
3.860000000E1,-1.419642857E0,-2.129464286E2,2.147789045E2
3.863333333E1,-1.419642857E0,-2.129464286E2,2.080073471E2
3.866666667E1,-1.419642857E0,-2.129464286E2,1.893885701E2
3.870000000E1,-1.419642857E0,-2.129464286E2,1.888747962E2
3.873333333E1,-1.419642857E0,-2.129464286E2,1.771277102E2
3.876666667E1,-1.419642857E0,-2.129464286E2,1.824526752E2
3.880000000E1,-1.419642857E0,-2.129464286E2,1.731474522E2
3.883333333E1,-1.419642857E0,-2.129464286E2,1.782249459E2
3.886666667E1,-1.419642857E0,-2.129464286E2,1.861851943E2
3.890000000E1,-1.419642857E0,-2.129464286E2,2.132793185E2
3.893333333E1,-1.419642857E0,-2.129464286E2,2.118522548E2
3.896666667E1,-1.419642857E0,-2.129464286E2,2.076723057E2
3.900000000E1,-1.419642857E0,-2.129464286E2,1.926245541E2
3.903333333E1,-1.419642857E0,-2.129464286E2,1.885448153E2
3.906666667E1,-1.419642857E0,-2.129464286E2,1.756640096E2
3.910000000E1,-1.419642857E0,-2.129464286E2,1.773260828E2
3.913333333E1,-1.419642857E0,-2.129464286E2,1.667141847E2
3.916666667E1,-1.419642857E0,-2.129464286E2,1.698139777E2
3.920000000E1,-1.419642857E0,-2.129464286E2,1.630502580E2
3.923333333E1,-1.419642857E0,-2.129464286E2,1.723560287E2
3.926666667E1,-1.419642857E0,-2.129464286E2,1.882593599E2
3.930000000E1,-1.419642857E0,-2.129464286E2,2.102384076E2
3.933333333E1,-1.419642857E0,-2.129464286E2,2.082876051E2
3.936666667E1,-1.419642857E0,-2.129464286E2,2.074198185E2
3.940000000E1,-1.419642857E0,-2.129464286E2,1.909773599E2
3.943333333E1,-1.419642857E0,-2.129464286E2,1.859375096E2
3.946666667E1,-1.419642857E0,-2.129464286E2,1.735948567E2
3.950000000E1,-1.419642857E0,-2.129464286E2,1.783676688E2
3.953333333E1,-1.419642857E0,-2.129464286E2,1.692984045E2
3.956666667E1,-1.419642857E0,-2.129464286E2,1.735156401E2
3.960000000E1,-1.419642857E0,-2.129464286E2,1.833931051E2
3.963333333E1,-1.419642857E0,-2.129464286E2,2.103528153E2
3.966666667E1,-1.419642857E0,-2.129464286E2,2.101908631E2
3.970000000E1,-1.419642857E0,-2.129464286E2,2.058905350E2
3.973333333E1,-1.419642857E0,-2.129464286E2,1.883690669E2
3.976666667E1,-1.419642857E0,-2.129464286E2,1.865126178E2
3.980000000E1,-1.419642857E0,-2.129464286E2,1.705379936E2
3.983333333E1,-1.419642857E0,-2.129464286E2,1.683451369E2
3.986666667E1,-1.419642857E0,-2.129464286E2,1.595030510E2
3.990000000E1,-1.419642857E0,-2.129464286E2,1.633951943E2
3.993333333E1,-1.419642857E0,-2.129464286E2,1.579470000E2
3.996666667E1,-1.419642857E0,-2.129464286E2,1.669279554E2
4.000000000E1,-1.419642857E0,-2.129464286E2,1.855773854E2
4.003333333E1,-1.419642857E0,-2.129464286E2,2.165405605E2
4.006666667E1,-1.419642857E0,-2.129464286E2,2.192922548E2
4.010000000E1,-1.419642857E0,-2.129464286E2,2.163809873E2
4.013333333E1,-1.419642857E0,-2.129464286E2,1.939703758E2
4.016666667E1,-1.419642857E0,-2.129464286E2,1.894674331E2
4.020000000E1,-1.419642857E0,-2.129464286E2,1.687320191E2
4.023333333E1,-1.419642857E0,-2.129464286E2,1.688447484E2
4.026666667E1,-1.419642857E0,-2.129464286E2,1.619083981E2
4.030000000E1,-1.419642857E0,-2.129464286E2,1.720395446E2
4.033333333E1,-1.419642857E0,-2.129464286E2,1.818618822E2
4.036666667E1,-1.419642857E0,-2.129464286E2,2.075235127E2
4.040000000E1,-1.419642857E0,-2.129464286E2,2.020152102E2
4.043333333E1,-1.419642857E0,-2.129464286E2,2.066962452E2
4.046666667E1,-1.419642857E0,-2.129464286E2,1.999063535E2
4.050000000E1,-1.419642857E0,-2.129464286E2,2.004835414E2
4.053333333E1,-1.419642857E0,-2.129464286E2,1.754395955E2
4.056666667E1,-1.419642857E0,-2.129464286E2,1.609403503E2
4.060000000E1,-1.419642857E0,-2.129464286E2,1.455601051E2
4.063333333E1,-1.419642857E0,-2.129464286E2,1.509689650E2
4.066666667E1,-1.419642857E0,-2.129464286E2,1.425655350E2
4.070000000E1,-1.419642857E0,-2.129464286E2,1.606548694E2
4.073333333E1,-1.419642857E0,-2.129464286E2,1.818868057E2
4.076666667E1,-1.419642857E0,-2.129464286E2,2.135412452E2
4.080000000E1,-1.419642857E0,-2.129464286E2,2.175291019E2
4.083333333E1,-1.419642857E0,-2.129464286E2,2.176218153E2
4.086666667E1,-1.419642857E0,-2.129464286E2,2.005966752E2
4.090000000E1,-1.419642857E0,-2.129464286E2,1.909739172E2
4.093333333E1,-1.419642857E0,-2.129464286E2,1.679446433E2
4.096666667E1,-1.419642857E0,-2.129464286E2,1.680649140E2
4.100000000E1,-1.419642857E0,-2.129464286E2,1.642644076E2
4.103333333E1,-1.419642857E0,-2.129464286E2,1.750681465E2
4.106666667E1,-1.419642857E0,-2.129464286E2,1.789604236E2
4.110000000E1,-1.419642857E0,-2.129464286E2,1.981767516E2
4.113333333E1,-1.419642857E0,-2.129464286E2,1.939603471E2
4.116666667E1,-1.419642857E0,-2.129464286E2,2.012295159E2
4.120000000E1,-1.419642857E0,-2.129464286E2,1.951523981E2
4.123333333E1,-1.419642857E0,-2.129464286E2,1.981132452E2
4.126666667E1,-1.419642857E0,-2.129464286E2,1.829826178E2
4.130000000E1,-1.419642857E0,-2.129464286E2,1.685718439E2
4.133333333E1,-1.419642857E0,-2.129464286E2,1.553096433E2
4.136666667E1,-1.419642857E0,-2.129464286E2,1.565054713E2
4.140000000E1,-1.419642857E0,-2.129464286E2,1.465152102E2
4.143333333E1,-1.419642857E0,-2.129464286E2,1.535395987E2
4.146666667E1,-1.419642857E0,-2.129464286E2,1.816493631E2
4.150000000E1,-1.419642857E0,-2.129464286E2,2.205197452E2
4.153333333E1,-1.419642857E0,-2.129464286E2,2.258895446E2
4.156666667E1,-1.419642857E0,-2.129464286E2,2.153083631E2
4.160000000E1,-1.419642857E0,-2.129464286E2,1.929481401E2
4.163333333E1,-1.419642857E0,-2.129464286E2,1.879977866E2
4.166666667E1,-1.419642857E0,-2.129464286E2,1.752578567E2
4.170000000E1,-1.419642857E0,-2.129464286E2,1.697707134E2
4.173333333E1,-1.419642857E0,-2.129464286E2,1.585163376E2
4.176666667E1,-1.419642857E0,-2.129464286E2,1.634869204E2
4.180000000E1,-1.419642857E0,-2.129464286E2,1.727392643E2
4.183333333E1,-1.419642857E0,-2.129464286E2,2.048296115E2
4.186666667E1,-1.419642857E0,-2.129464286E2,1.991648599E2
4.190000000E1,-1.419642857E0,-2.129464286E2,1.996967930E2
4.193333333E1,-1.419642857E0,-2.129464286E2,1.852375382E2
4.196666667E1,-1.419642857E0,-2.129464286E2,1.854485350E2
4.200000000E1,-1.419642857E0,-2.129464286E2,1.704032580E2
4.203333333E1,-1.419642857E0,-2.129464286E2,1.667469682E2
4.206666667E1,-1.419642857E0,-2.129464286E2,1.556190924E2
4.210000000E1,-1.419642857E0,-2.129464286E2,1.606789618E2
4.213333333E1,-1.419642857E0,-2.129464286E2,1.503512420E2
4.216666667E1,-1.419642857E0,-2.129464286E2,1.604555701E2
4.220000000E1,-1.419642857E0,-2.129464286E2,1.871116752E2
4.223333333E1,-1.419642857E0,-2.129464286E2,2.211060414E2
4.226666667E1,-1.419642857E0,-2.129464286E2,2.242785096E2
4.230000000E1,-1.419642857E0,-2.129464286E2,2.205721529E2
4.233333333E1,-1.419642857E0,-2.129464286E2,2.008000510E2
4.236666667E1,-1.419642857E0,-2.129464286E2,1.899761592E2
4.240000000E1,-1.419642857E0,-2.129464286E2,1.718600318E2
4.243333333E1,-1.419642857E0,-2.129464286E2,1.757369586E2
4.246666667E1,-1.419642857E0,-2.129464286E2,1.693132134E2
4.250000000E1,-1.419642857E0,-2.129464286E2,1.754802134E2
4.253333333E1,-1.419642857E0,-2.129464286E2,1.804618822E2
4.256666667E1,-1.419642857E0,-2.129464286E2,2.062865510E2
4.260000000E1,-1.419642857E0,-2.129464286E2,2.031881879E2
4.263333333E1,-1.419642857E0,-2.129464286E2,1.982715732E2
4.266666667E1,-1.419642857E0,-2.129464286E2,1.839852484E2
4.270000000E1,-1.419642857E0,-2.129464286E2,1.848909395E2
4.273333333E1,-1.419642857E0,-2.129464286E2,1.713627197E2
4.276666667E1,-1.419642857E0,-2.129464286E2,1.709629682E2
4.280000000E1,-1.419642857E0,-2.129464286E2,1.667678121E2
4.283333333E1,-1.419642857E0,-2.129464286E2,1.726433025E2
4.286666667E1,-1.419642857E0,-2.129464286E2,1.661846592E2
4.290000000E1,-1.419642857E0,-2.129464286E2,1.713254586E2
4.293333333E1,-1.419642857E0,-2.129464286E2,1.903011752E2
4.296666667E1,-1.419642857E0,-2.129464286E2,2.100214650E2
4.300000000E1,-1.419642857E0,-2.129464286E2,2.043752516E2
4.303333333E1,-1.419642857E0,-2.129464286E2,2.029956083E2
4.306666667E1,-1.419642857E0,-2.129464286E2,1.883809682E2
4.310000000E1,-1.419642857E0,-2.129464286E2,1.863205669E2
4.313333333E1,-1.419642857E0,-2.129464286E2,1.734654841E2
