region_A
t,x,y,luma
0.000000000E0,-1.940178571E1,1.608928571E1,1.560813259E2
3.333333333E-2,-1.940178571E1,1.608928571E1,1.378136454E2
6.666666667E-2,-1.940178571E1,1.608928571E1,1.440146677E2
1.000000000E-1,-1.940178571E1,1.608928571E1,1.450507859E2
1.333333333E-1,-1.940178571E1,1.608928571E1,1.593082109E2
1.666666667E-1,-1.940178571E1,1.608928571E1,1.753674569E2
2.000000000E-1,-1.940178571E1,1.608928571E1,1.980735751E2
2.333333333E-1,-1.940178571E1,1.608928571E1,2.126668594E2
2.666666667E-1,-1.940178571E1,1.608928571E1,2.291740671E2
3.000000000E-1,-1.940178571E1,1.608928571E1,2.305025399E2
3.333333333E-1,-1.940178571E1,1.608928571E1,2.195511182E2
3.666666667E-1,-1.940178571E1,1.608928571E1,1.572518850E2
4.000000000E-1,-1.940178571E1,1.608928571E1,1.461879585E2
4.333333333E-1,-1.940178571E1,1.608928571E1,1.535104505E2
4.666666667E-1,-1.940178571E1,1.608928571E1,1.579449233E2
5.000000000E-1,-1.940178571E1,1.608928571E1,1.679523770E2
5.333333333E-1,-1.940178571E1,1.608928571E1,1.959226166E2
5.666666667E-1,-1.940178571E1,1.608928571E1,2.099880895E2
6.000000000E-1,-1.940178571E1,1.608928571E1,2.228841949E2
6.333333333E-1,-1.940178571E1,1.608928571E1,2.244678179E2
6.666666667E-1,-1.940178571E1,1.608928571E1,2.178058083E2
7.000000000E-1,-1.940178571E1,1.608928571E1,1.694179201E2
7.333333333E-1,-1.940178571E1,1.608928571E1,1.472974058E2
7.666666667E-1,-1.940178571E1,1.608928571E1,1.442282173E2
8.000000000E-1,-1.940178571E1,1.608928571E1,1.486630256E2
8.333333333E-1,-1.940178571E1,1.608928571E1,1.534780415E2
8.666666667E-1,-1.940178571E1,1.608928571E1,1.748253642E2
9.000000000E-1,-1.940178571E1,1.608928571E1,1.891348882E2
9.333333333E-1,-1.940178571E1,1.608928571E1,2.087649872E2
9.666666667E-1,-1.940178571E1,1.608928571E1,2.194690511E2
1.000000000E0,-1.940178571E1,1.608928571E1,2.317046070E2
1.033333333E0,-1.940178571E1,1.608928571E1,2.251446006E2
1.066666667E0,-1.940178571E1,1.608928571E1,1.815738498E2
1.100000000E0,-1.940178571E1,1.608928571E1,1.392496581E2
1.133333333E0,-1.940178571E1,1.608928571E1,1.349276038E2
1.166666667E0,-1.940178571E1,1.608928571E1,1.367762812E2
1.200000000E0,-1.940178571E1,1.608928571E1,1.668230735E2
1.233333333E0,-1.940178571E1,1.608928571E1,1.831216997E2
1.266666667E0,-1.940178571E1,1.608928571E1,2.030996006E2
1.300000000E0,-1.940178571E1,1.608928571E1,2.114160639E2
1.333333333E0,-1.940178571E1,1.608928571E1,2.210908562E2
1.366666667E0,-1.940178571E1,1.608928571E1,2.155083898E2
1.400000000E0,-1.940178571E1,1.608928571E1,1.824845559E2
1.433333333E0,-1.940178571E1,1.608928571E1,1.433941342E2
1.466666667E0,-1.940178571E1,1.608928571E1,1.470147093E2
1.500000000E0,-1.940178571E1,1.608928571E1,1.477143898E2
1.533333333E0,-1.940178571E1,1.608928571E1,1.611116134E2
1.566666667E0,-1.940178571E1,1.608928571E1,1.669220415E2
1.600000000E0,-1.940178571E1,1.608928571E1,1.835920447E2
1.633333333E0,-1.940178571E1,1.608928571E1,1.926082716E2
1.666666667E0,-1.940178571E1,1.608928571E1,2.090294792E2
1.700000000E0,-1.940178571E1,1.608928571E1,2.181266581E2
1.733333333E0,-1.940178571E1,1.608928571E1,2.222570479E2
1.766666667E0,-1.940178571E1,1.608928571E1,1.861138882E2
1.800000000E0,-1.940178571E1,1.608928571E1,1.441720256E2
1.833333333E0,-1.940178571E1,1.608928571E1,1.374299393E2
1.866666667E0,-1.940178571E1,1.608928571E1,1.487699872E2
1.900000000E0,-1.940178571E1,1.608928571E1,1.606000256E2
1.933333333E0,-1.940178571E1,1.608928571E1,1.923768466E2
1.966666667E0,-1.940178571E1,1.608928571E1,2.081752077E2
2.000000000E0,-1.940178571E1,1.608928571E1,2.239425463E2
2.033333333E0,-1.940178571E1,1.608928571E1,2.261075687E2
2.066666667E0,-1.940178571E1,1.608928571E1,2.246818722E2
2.100000000E0,-1.940178571E1,1.608928571E1,1.852088786E2
2.133333333E0,-1.940178571E1,1.608928571E1,1.469212556E2
2.166666667E0,-1.940178571E1,1.608928571E1,1.409638435E2
2.200000000E0,-1.940178571E1,1.608928571E1,1.505476486E2
2.233333333E0,-1.940178571E1,1.608928571E1,1.605865367E2
2.266666667E0,-1.940178571E1,1.608928571E1,1.728000799E2
2.300000000E0,-1.940178571E1,1.608928571E1,1.767098211E2
2.333333333E0,-1.940178571E1,1.608928571E1,1.959899904E2
2.366666667E0,-1.940178571E1,1.608928571E1,2.111530000E2
2.400000000E0,-1.940178571E1,1.608928571E1,2.273187796E2
2.433333333E0,-1.940178571E1,1.608928571E1,2.236649457E2
2.466666667E0,-1.940178571E1,1.608928571E1,1.949908371E2
2.500000000E0,-1.940178571E1,1.608928571E1,1.461214537E2
2.533333333E0,-1.940178571E1,1.608928571E1,1.495108882E2
2.566666667E0,-1.940178571E1,1.608928571E1,1.519079521E2
2.600000000E0,-1.940178571E1,1.608928571E1,1.667944696E2
2.633333333E0,-1.940178571E1,1.608928571E1,1.797339393E2
2.666666667E0,-1.940178571E1,1.608928571E1,2.022902077E2
2.700000000E0,-1.940178571E1,1.608928571E1,2.131409904E2
2.733333333E0,-1.940178571E1,1.608928571E1,2.241397348E2
2.766666667E0,-1.940178571E1,1.608928571E1,2.180689010E2
2.800000000E0,-1.940178571E1,1.608928571E1,1.903460224E2
2.833333333E0,-1.940178571E1,1.608928571E1,1.490261022E2
2.866666667E0,-1.940178571E1,1.608928571E1,1.472977987E2
2.900000000E0,-1.940178571E1,1.608928571E1,1.442423195E2
2.933333333E0,-1.940178571E1,1.608928571E1,1.569078243E2
2.966666667E0,-1.940178571E1,1.608928571E1,1.684207891E2
3.000000000E0,-1.940178571E1,1.608928571E1,1.891563227E2
3.033333333E0,-1.940178571E1,1.608928571E1,1.992936613E2
3.066666667E0,-1.940178571E1,1.608928571E1,2.180252492E2
3.100000000E0,-1.940178571E1,1.608928571E1,2.252287796E2
3.133333333E0,-1.940178571E1,1.608928571E1,2.283984856E2
3.166666667E0,-1.940178571E1,1.608928571E1,1.907594728E2
3.200000000E0,-1.940178571E1,1.608928571E1,1.482214665E2
3.233333333E0,-1.940178571E1,1.608928571E1,1.404484824E2
3.266666667E0,-1.940178571E1,1.608928571E1,1.511757987E2
3.300000000E0,-1.940178571E1,1.608928571E1,1.587349233E2
3.333333333E0,-1.940178571E1,1.608928571E1,1.806167987E2
3.366666667E0,-1.940178571E1,1.608928571E1,1.922260895E2
3.400000000E0,-1.940178571E1,1.608928571E1,2.092442460E2
3.433333333E0,-1.940178571E1,1.608928571E1,2.197395240E2
3.466666667E0,-1.940178571E1,1.608928571E1,2.252609872E2
3.500000000E0,-1.940178571E1,1.608928571E1,1.905952780E2
3.533333333E0,-1.940178571E1,1.608928571E1,1.485943770E2
3.566666667E0,-1.940178571E1,1.608928571E1,1.428756326E2
3.600000000E0,-1.940178571E1,1.608928571E1,1.496162109E2
3.633333333E0,-1.940178571E1,1.608928571E1,1.529403578E2
3.666666667E0,-1.940178571E1,1.608928571E1,1.695556230E2
3.700000000E0,-1.940178571E1,1.608928571E1,1.858025016E2
3.733333333E0,-1.940178571E1,1.608928571E1,2.115340032E2
3.766666667E0,-1.940178571E1,1.608928571E1,2.231327188E2
3.800000000E0,-1.940178571E1,1.608928571E1,2.321422812E2
3.833333333E0,-1.940178571E1,1.608928571E1,2.254877252E2
3.866666667E0,-1.940178571E1,1.608928571E1,1.942527444E2
3.900000000E0,-1.940178571E1,1.608928571E1,1.446644984E2
3.933333333E0,-1.940178571E1,1.608928571E1,1.581239361E2
3.966666667E0,-1.940178571E1,1.608928571E1,1.581964601E2
4.000000000E0,-1.940178571E1,1.608928571E1,1.682517859E2
4.033333333E0,-1.940178571E1,1.608928571E1,1.723939169E2
4.066666667E0,-1.940178571E1,1.608928571E1,1.869968019E2
4.100000000E0,-1.940178571E1,1.608928571E1,1.985747061E2
4.133333333E0,-1.940178571E1,1.608928571E1,2.160330447E2
4.166666667E0,-1.940178571E1,1.608928571E1,2.186092300E2
4.200000000E0,-1.940178571E1,1.608928571E1,1.955391534E2
4.233333333E0,-1.940178571E1,1.608928571E1,1.486218019E2
4.266666667E0,-1.940178571E1,1.608928571E1,1.452134665E2
4.300000000E0,-1.940178571E1,1.608928571E1,1.474576741E2
4.333333333E0,-1.940178571E1,1.608928571E1,1.602740767E2
4.366666667E0,-1.940178571E1,1.608928571E1,1.669263035E2
4.400000000E0,-1.940178571E1,1.608928571E1,1.808736518E2
4.433333333E0,-1.940178571E1,1.608928571E1,1.870406102E2
4.466666667E0,-1.940178571E1,1.608928571E1,2.126497732E2
4.500000000E0,-1.940178571E1,1.608928571E1,2.216129744E2
4.533333333E0,-1.940178571E1,1.608928571E1,2.287391565E2
4.566666667E0,-1.940178571E1,1.608928571E1,2.089295208E2
4.600000000E0,-1.940178571E1,1.608928571E1,1.633641054E2
4.633333333E0,-1.940178571E1,1.608928571E1,1.406588115E2
4.666666667E0,-1.940178571E1,1.608928571E1,1.442606613E2
4.700000000E0,-1.940178571E1,1.608928571E1,1.573730128E2
4.733333333E0,-1.940178571E1,1.608928571E1,1.767321789E2
4.766666667E0,-1.940178571E1,1.608928571E1,1.859210351E2
4.800000000E0,-1.940178571E1,1.608928571E1,2.059669872E2
4.833333333E0,-1.940178571E1,1.608928571E1,2.152710863E2
4.866666667E0,-1.940178571E1,1.608928571E1,2.251944473E2
4.900000000E0,-1.940178571E1,1.608928571E1,2.063225559E2
4.933333333E0,-1.940178571E1,1.608928571E1,1.576442173E2
4.966666667E0,-1.940178571E1,1.608928571E1,1.302927891E2
5.000000000E0,-1.940178571E1,1.608928571E1,1.351704569E2
5.033333333E0,-1.940178571E1,1.608928571E1,1.395429904E2
5.066666667E0,-1.940178571E1,1.608928571E1,1.587383355E2
5.100000000E0,-1.940178571E1,1.608928571E1,1.715213706E2
5.133333333E0,-1.940178571E1,1.608928571E1,2.014304888E2
5.166666667E0,-1.940178571E1,1.608928571E1,2.147584377E2
5.200000000E0,-1.940178571E1,1.608928571E1,2.295955240E2
5.233333333E0,-1.940178571E1,1.608928571E1,2.293347827E2
5.266666667E0,-1.940178571E1,1.608928571E1,2.257464888E2
5.300000000E0,-1.940178571E1,1.608928571E1,1.724166102E2
5.333333333E0,-1.940178571E1,1.608928571E1,1.499539137E2
5.366666667E0,-1.940178571E1,1.608928571E1,1.380130863E2
5.400000000E0,-1.940178571E1,1.608928571E1,1.449844952E2
5.433333333E0,-1.940178571E1,1.608928571E1,1.605421534E2
5.466666667E0,-1.940178571E1,1.608928571E1,1.837950447E2
5.500000000E0,-1.940178571E1,1.608928571E1,1.963088115E2
5.533333333E0,-1.940178571E1,1.608928571E1,2.178846709E2
5.566666667E0,-1.940178571E1,1.608928571E1,2.240703003E2
5.600000000E0,-1.940178571E1,1.608928571E1,2.200605335E2
5.633333333E0,-1.940178571E1,1.608928571E1,1.734208498E2
5.666666667E0,-1.940178571E1,1.608928571E1,1.468778946E2
5.700000000E0,-1.940178571E1,1.608928571E1,1.435247700E2
5.733333333E0,-1.940178571E1,1.608928571E1,1.481811693E2
5.766666667E0,-1.940178571E1,1.608928571E1,1.536863419E2
5.800000000E0,-1.940178571E1,1.608928571E1,1.763616262E2
5.833333333E0,-1.940178571E1,1.608928571E1,1.878743514E2
5.866666667E0,-1.940178571E1,1.608928571E1,2.058142141E2
5.900000000E0,-1.940178571E1,1.608928571E1,2.171808371E2
5.933333333E0,-1.940178571E1,1.608928571E1,2.288179904E2
5.966666667E0,-1.940178571E1,1.608928571E1,2.228157220E2
6.000000000E0,-1.940178571E1,1.608928571E1,1.807407125E2
6.033333333E0,-1.940178571E1,1.608928571E1,1.387611118E2
6.066666667E0,-1.940178571E1,1.608928571E1,1.488379457E2
6.100000000E0,-1.940178571E1,1.608928571E1,1.551725144E2
6.133333333E0,-1.940178571E1,1.608928571E1,1.685584249E2
6.166666667E0,-1.940178571E1,1.608928571E1,1.792604792E2
6.200000000E0,-1.940178571E1,1.608928571E1,2.030816294E2
6.233333333E0,-1.940178571E1,1.608928571E1,2.146501118E2
6.266666667E0,-1.940178571E1,1.608928571E1,2.243148850E2
6.300000000E0,-1.940178571E1,1.608928571E1,2.167832173E2
6.333333333E0,-1.940178571E1,1.608928571E1,1.817451917E2
6.366666667E0,-1.940178571E1,1.608928571E1,1.411655112E2
6.400000000E0,-1.940178571E1,1.608928571E1,1.478804217E2
6.433333333E0,-1.940178571E1,1.608928571E1,1.489343259E2
6.466666667E0,-1.940178571E1,1.608928571E1,1.573590863E2
6.500000000E0,-1.940178571E1,1.608928571E1,1.662239649E2
6.533333333E0,-1.940178571E1,1.608928571E1,1.866996230E2
6.566666667E0,-1.940178571E1,1.608928571E1,2.008564026E2
6.600000000E0,-1.940178571E1,1.608928571E1,2.199404089E2
6.633333333E0,-1.940178571E1,1.608928571E1,2.261203738E2
6.666666667E0,-1.940178571E1,1.608928571E1,2.297529904E2
6.700000000E0,-1.940178571E1,1.608928571E1,1.894021534E2
6.733333333E0,-1.940178571E1,1.608928571E1,1.444498435E2
6.766666667E0,-1.940178571E1,1.608928571E1,1.394291374E2
6.800000000E0,-1.940178571E1,1.608928571E1,1.479668626E2
6.833333333E0,-1.940178571E1,1.608928571E1,1.569755304E2
6.866666667E0,-1.940178571E1,1.608928571E1,1.921611629E2
6.900000000E0,-1.940178571E1,1.608928571E1,2.105743227E2
6.933333333E0,-1.940178571E1,1.608928571E1,2.289923674E2
6.966666667E0,-1.940178571E1,1.608928571E1,2.327809712E2
7.000000000E0,-1.940178571E1,1.608928571E1,2.315234728E2
7.033333333E0,-1.940178571E1,1.608928571E1,1.993931470E2
7.066666667E0,-1.940178571E1,1.608928571E1,1.501154217E2
7.100000000E0,-1.940178571E1,1.608928571E1,1.336500351E2
7.133333333E0,-1.940178571E1,1.608928571E1,1.376920256E2
7.166666667E0,-1.940178571E1,1.608928571E1,1.474345974E2
7.200000000E0,-1.940178571E1,1.608928571E1,1.708053674E2
7.233333333E0,-1.940178571E1,1.608928571E1,1.794056677E2
7.266666667E0,-1.940178571E1,1.608928571E1,2.001197093E2
7.300000000E0,-1.940178571E1,1.608928571E1,2.135269968E2
7.333333333E0,-1.940178571E1,1.608928571E1,2.278593227E2
7.366666667E0,-1.940178571E1,1.608928571E1,2.268332460E2
7.400000000E0,-1.940178571E1,1.608928571E1,2.147880958E2
7.433333333E0,-1.940178571E1,1.608928571E1,1.571331278E2
7.466666667E0,-1.940178571E1,1.608928571E1,1.549796613E2
7.500000000E0,-1.940178571E1,1.608928571E1,1.544275751E2
7.533333333E0,-1.940178571E1,1.608928571E1,1.554641981E2
7.566666667E0,-1.940178571E1,1.608928571E1,1.694039169E2
7.600000000E0,-1.940178571E1,1.608928571E1,1.979775783E2
7.633333333E0,-1.940178571E1,1.608928571E1,2.136296038E2
7.666666667E0,-1.940178571E1,1.608928571E1,2.284310447E2
7.700000000E0,-1.940178571E1,1.608928571E1,2.284575112E2
7.733333333E0,-1.940178571E1,1.608928571E1,2.169219042E2
7.766666667E0,-1.940178571E1,1.608928571E1,1.590785112E2
7.800000000E0,-1.940178571E1,1.608928571E1,1.400007859E2
7.833333333E0,-1.940178571E1,1.608928571E1,1.376877923E2
7.866666667E0,-1.940178571E1,1.608928571E1,1.432838626E2
7.900000000E0,-1.940178571E1,1.608928571E1,1.534558275E2
7.933333333E0,-1.940178571E1,1.608928571E1,1.780845719E2
7.966666667E0,-1.940178571E1,1.608928571E1,1.915658019E2
8.000000000E0,-1.940178571E1,1.608928571E1,2.140116198E2
8.033333333E0,-1.940178571E1,1.608928571E1,2.212421629E2
8.066666667E0,-1.940178571E1,1.608928571E1,2.288658019E2
8.100000000E0,-1.940178571E1,1.608928571E1,2.179090543E2
8.133333333E0,-1.940178571E1,1.608928571E1,1.749254441E2
8.166666667E0,-1.940178571E1,1.608928571E1,1.425876454E2
8.200000000E0,-1.940178571E1,1.608928571E1,1.519688307E2
8.233333333E0,-1.940178571E1,1.608928571E1,1.546204249E2
8.266666667E0,-1.940178571E1,1.608928571E1,1.662713003E2
8.300000000E0,-1.940178571E1,1.608928571E1,1.822069904E2
8.333333333E0,-1.940178571E1,1.608928571E1,2.056641310E2
8.366666667E0,-1.940178571E1,1.608928571E1,2.140300863E2
8.400000000E0,-1.940178571E1,1.608928571E1,2.270039553E2
8.433333333E0,-1.940178571E1,1.608928571E1,2.189165974E2
8.466666667E0,-1.940178571E1,1.608928571E1,1.877627572E2
8.500000000E0,-1.940178571E1,1.608928571E1,1.467636965E2
8.533333333E0,-1.940178571E1,1.608928571E1,1.572660895E2
8.566666667E0,-1.940178571E1,1.608928571E1,1.537793482E2
8.600000000E0,-1.940178571E1,1.608928571E1,1.578425367E2
8.633333333E0,-1.940178571E1,1.608928571E1,1.637568339E2
8.666666667E0,-1.940178571E1,1.608928571E1,1.863365974E2
8.700000000E0,-1.940178571E1,1.608928571E1,2.014835495E2
8.733333333E0,-1.940178571E1,1.608928571E1,2.197532843E2
8.766666667E0,-1.940178571E1,1.608928571E1,2.256920735E2
8.800000000E0,-1.940178571E1,1.608928571E1,2.304676358E2
8.833333333E0,-1.940178571E1,1.608928571E1,1.964256390E2
8.866666667E0,-1.940178571E1,1.608928571E1,1.437445687E2
8.900000000E0,-1.940178571E1,1.608928571E1,1.420450895E2
8.933333333E0,-1.940178571E1,1.608928571E1,1.594539201E2
8.966666667E0,-1.940178571E1,1.608928571E1,1.620338882E2
9.000000000E0,-1.940178571E1,1.608928571E1,1.831407316E2
9.033333333E0,-1.940178571E1,1.608928571E1,2.002853387E2
9.066666667E0,-1.940178571E1,1.608928571E1,2.199822173E2
9.100000000E0,-1.940178571E1,1.608928571E1,2.263393482E2
9.133333333E0,-1.940178571E1,1.608928571E1,2.314205623E2
9.166666667E0,-1.940178571E1,1.608928571E1,2.031630000E2
9.200000000E0,-1.940178571E1,1.608928571E1,1.457315815E2
9.233333333E0,-1.940178571E1,1.608928571E1,1.267790447E2
9.266666667E0,-1.940178571E1,1.608928571E1,1.349086709E2
9.300000000E0,-1.940178571E1,1.608928571E1,1.390830479E2
9.333333333E0,-1.940178571E1,1.608928571E1,1.670430096E2
9.366666667E0,-1.940178571E1,1.608928571E1,1.805485974E2
9.400000000E0,-1.940178571E1,1.608928571E1,1.993891821E2
9.433333333E0,-1.940178571E1,1.608928571E1,2.122054665E2
9.466666667E0,-1.940178571E1,1.608928571E1,2.238838211E2
9.500000000E0,-1.940178571E1,1.608928571E1,2.199231693E2
9.533333333E0,-1.940178571E1,1.608928571E1,2.059556198E2
9.566666667E0,-1.940178571E1,1.608928571E1,1.577181565E2
9.600000000E0,-1.940178571E1,1.608928571E1,1.504431182E2
9.633333333E0,-1.940178571E1,1.608928571E1,1.421572173E2
9.666666667E0,-1.940178571E1,1.608928571E1,1.512416038E2
9.700000000E0,-1.940178571E1,1.608928571E1,1.710948051E2
9.733333333E0,-1.940178571E1,1.608928571E1,1.968512524E2
9.766666667E0,-1.940178571E1,1.608928571E1,2.087756677E2
9.800000000E0,-1.940178571E1,1.608928571E1,2.230254089E2
9.833333333E0,-1.940178571E1,1.608928571E1,2.247359521E2
9.866666667E0,-1.940178571E1,1.608928571E1,2.144300703E2
9.900000000E0,-1.940178571E1,1.608928571E1,1.605200032E2
9.933333333E0,-1.940178571E1,1.608928571E1,1.472582748E2
9.966666667E0,-1.940178571E1,1.608928571E1,1.413196358E2
1.000000000E1,-1.940178571E1,1.608928571E1,1.512506550E2
1.003333333E1,-1.940178571E1,1.608928571E1,1.576253738E2
1.006666667E1,-1.940178571E1,1.608928571E1,1.810253067E2
1.010000000E1,-1.940178571E1,1.608928571E1,1.927000990E2
1.013333333E1,-1.940178571E1,1.608928571E1,2.074951949E2
1.016666667E1,-1.940178571E1,1.608928571E1,2.185556581E2
1.020000000E1,-1.940178571E1,1.608928571E1,2.304807220E2
1.023333333E1,-1.940178571E1,1.608928571E1,2.228761917E2
1.026666667E1,-1.940178571E1,1.608928571E1,1.738887859E2
1.030000000E1,-1.940178571E1,1.608928571E1,1.493784952E2
1.033333333E1,-1.940178571E1,1.608928571E1,1.562996262E2
1.036666667E1,-1.940178571E1,1.608928571E1,1.553389393E2
1.040000000E1,-1.940178571E1,1.608928571E1,1.752045399E2
1.043333333E1,-1.940178571E1,1.608928571E1,1.862429265E2
1.046666667E1,-1.940178571E1,1.608928571E1,2.075690319E2
1.050000000E1,-1.940178571E1,1.608928571E1,2.198986070E2
1.053333333E1,-1.940178571E1,1.608928571E1,2.307063355E2
1.056666667E1,-1.940178571E1,1.608928571E1,2.208380895E2
1.060000000E1,-1.940178571E1,1.608928571E1,1.785183514E2
1.063333333E1,-1.940178571E1,1.608928571E1,1.375154281E2
1.066666667E1,-1.940178571E1,1.608928571E1,1.437261534E2
1.070000000E1,-1.940178571E1,1.608928571E1,1.412554185E2
1.073333333E1,-1.940178571E1,1.608928571E1,1.601326741E2
1.076666667E1,-1.940178571E1,1.608928571E1,1.711899776E2
1.080000000E1,-1.940178571E1,1.608928571E1,1.872553834E2
1.083333333E1,-1.940178571E1,1.608928571E1,1.950908818E2
1.086666667E1,-1.940178571E1,1.608928571E1,2.098812396E2
1.090000000E1,-1.940178571E1,1.608928571E1,2.173201789E2
1.093333333E1,-1.940178571E1,1.608928571E1,2.208438850E2
1.096666667E1,-1.940178571E1,1.608928571E1,1.833503387E2
1.100000000E1,-1.940178571E1,1.608928571E1,1.507858850E2
1.103333333E1,-1.940178571E1,1.608928571E1,1.472457827E2
1.106666667E1,-1.940178571E1,1.608928571E1,1.554056230E2
1.110000000E1,-1.940178571E1,1.608928571E1,1.656215623E2
1.113333333E1,-1.940178571E1,1.608928571E1,1.950145048E2
1.116666667E1,-1.940178571E1,1.608928571E1,2.089331310E2
1.120000000E1,-1.940178571E1,1.608928571E1,2.277104760E2
1.123333333E1,-1.940178571E1,1.608928571E1,2.304445942E2
1.126666667E1,-1.940178571E1,1.608928571E1,2.261130096E2
1.130000000E1,-1.940178571E1,1.608928571E1,1.800523419E2
1.133333333E1,-1.940178571E1,1.608928571E1,1.536031246E2
1.136666667E1,-1.940178571E1,1.608928571E1,1.507758690E2
1.140000000E1,-1.940178571E1,1.608928571E1,1.553176677E2
1.143333333E1,-1.940178571E1,1.608928571E1,1.598655815E2
1.146666667E1,-1.940178571E1,1.608928571E1,1.781774281E2
1.150000000E1,-1.940178571E1,1.608928571E1,1.848303387E2
1.153333333E1,-1.940178571E1,1.608928571E1,1.963195942E2
1.156666667E1,-1.940178571E1,1.608928571E1,2.027039744E2
1.160000000E1,-1.940178571E1,1.608928571E1,2.148299872E2
1.163333333E1,-1.940178571E1,1.608928571E1,2.132313738E2
1.166666667E1,-1.940178571E1,1.608928571E1,1.836688083E2
1.170000000E1,-1.940178571E1,1.608928571E1,1.503745879E2
1.173333333E1,-1.940178571E1,1.608928571E1,1.498601246E2
1.176666667E1,-1.940178571E1,1.608928571E1,1.539655783E2
1.180000000E1,-1.940178571E1,1.608928571E1,1.706296613E2
1.183333333E1,-1.940178571E1,1.608928571E1,1.817906613E2
1.186666667E1,-1.940178571E1,1.608928571E1,2.035902077E2
1.190000000E1,-1.940178571E1,1.608928571E1,2.140318147E2
1.193333333E1,-1.940178571E1,1.608928571E1,2.276372332E2
1.196666667E1,-1.940178571E1,1.608928571E1,2.222888690E2
1.200000000E1,-1.940178571E1,1.608928571E1,1.878954856E2
1.203333333E1,-1.940178571E1,1.608928571E1,1.399266997E2
1.206666667E1,-1.940178571E1,1.608928571E1,1.354400447E2
1.210000000E1,-1.940178571E1,1.608928571E1,1.335632268E2
1.213333333E1,-1.940178571E1,1.608928571E1,1.547899137E2
1.216666667E1,-1.940178571E1,1.608928571E1,1.729664185E2
1.220000000E1,-1.940178571E1,1.608928571E1,1.958765240E2
1.223333333E1,-1.940178571E1,1.608928571E1,2.095899872E2
1.226666667E1,-1.940178571E1,1.608928571E1,2.249742780E2
1.230000000E1,-1.940178571E1,1.608928571E1,2.292112396E2
1.233333333E1,-1.940178571E1,1.608928571E1,2.287890192E2
1.236666667E1,-1.940178571E1,1.608928571E1,1.772196709E2
1.240000000E1,-1.940178571E1,1.608928571E1,1.494362109E2
1.243333333E1,-1.940178571E1,1.608928571E1,1.407586390E2
1.246666667E1,-1.940178571E1,1.608928571E1,1.558059233E2
1.250000000E1,-1.940178571E1,1.608928571E1,1.649967093E2
1.253333333E1,-1.940178571E1,1.608928571E1,1.874350288E2
1.256666667E1,-1.940178571E1,1.608928571E1,2.046757093E2
1.260000000E1,-1.940178571E1,1.608928571E1,2.268055304E2
1.263333333E1,-1.940178571E1,1.608928571E1,2.287099489E2
1.266666667E1,-1.940178571E1,1.608928571E1,2.233864696E2
1.270000000E1,-1.940178571E1,1.608928571E1,1.739784409E2
1.273333333E1,-1.940178571E1,1.608928571E1,1.394469649E2
1.276666667E1,-1.940178571E1,1.608928571E1,1.398054473E2
1.280000000E1,-1.940178571E1,1.608928571E1,1.552082907E2
1.283333333E1,-1.940178571E1,1.608928571E1,1.611946677E2
1.286666667E1,-1.940178571E1,1.608928571E1,1.764004313E2
1.290000000E1,-1.940178571E1,1.608928571E1,1.869992460E2
1.293333333E1,-1.940178571E1,1.608928571E1,2.061969169E2
1.296666667E1,-1.940178571E1,1.608928571E1,2.136415815E2
1.300000000E1,-1.940178571E1,1.608928571E1,2.256724824E2
1.303333333E1,-1.940178571E1,1.608928571E1,2.203926038E2
1.306666667E1,-1.940178571E1,1.608928571E1,1.769058083E2
1.310000000E1,-1.940178571E1,1.608928571E1,1.428746486E2
1.313333333E1,-1.940178571E1,1.608928571E1,1.422896933E2
1.316666667E1,-1.940178571E1,1.608928571E1,1.465377220E2
1.320000000E1,-1.940178571E1,1.608928571E1,1.741258658E2
1.323333333E1,-1.940178571E1,1.608928571E1,1.912377923E2
1.326666667E1,-1.940178571E1,1.608928571E1,2.097982236E2
1.330000000E1,-1.940178571E1,1.608928571E1,2.167547636E2
1.333333333E1,-1.940178571E1,1.608928571E1,2.263707188E2
1.336666667E1,-1.940178571E1,1.608928571E1,2.108744026E2
1.340000000E1,-1.940178571E1,1.608928571E1,1.733950479E2
1.343333333E1,-1.940178571E1,1.608928571E1,1.437792716E2
1.346666667E1,-1.940178571E1,1.608928571E1,1.534737348E2
1.350000000E1,-1.940178571E1,1.608928571E1,1.547978243E2
1.353333333E1,-1.940178571E1,1.608928571E1,1.682726869E2
1.356666667E1,-1.940178571E1,1.608928571E1,1.724855911E2
1.360000000E1,-1.940178571E1,1.608928571E1,1.895825399E2
1.363333333E1,-1.940178571E1,1.608928571E1,2.013029521E2
1.366666667E1,-1.940178571E1,1.608928571E1,2.220718914E2
1.370000000E1,-1.940178571E1,1.608928571E1,2.243783770E2
1.373333333E1,-1.940178571E1,1.608928571E1,2.249406038E2
1.376666667E1,-1.940178571E1,1.608928571E1,1.764240128E2
1.380000000E1,-1.940178571E1,1.608928571E1,1.504919393E2
1.383333333E1,-1.940178571E1,1.608928571E1,1.417911853E2
1.386666667E1,-1.940178571E1,1.608928571E1,1.566041534E2
1.390000000E1,-1.940178571E1,1.608928571E1,1.662899329E2
1.393333333E1,-1.940178571E1,1.608928571E1,1.840191693E2
1.396666667E1,-1.940178571E1,1.608928571E1,1.921044792E2
1.400000000E1,-1.940178571E1,1.608928571E1,2.117093674E2
1.403333333E1,-1.940178571E1,1.608928571E1,2.157723419E2
1.406666667E1,-1.940178571E1,1.608928571E1,2.140600288E2
1.410000000E1,-1.940178571E1,1.608928571E1,1.776922109E2
1.413333333E1,-1.940178571E1,1.608928571E1,1.550423195E2
1.416666667E1,-1.940178571E1,1.608928571E1,1.495797412E2
1.420000000E1,-1.940178571E1,1.608928571E1,1.542464633E2
1.423333333E1,-1.940178571E1,1.608928571E1,1.568367540E2
1.426666667E1,-1.940178571E1,1.608928571E1,1.737906422E2
1.430000000E1,-1.940178571E1,1.608928571E1,1.855862045E2
1.433333333E1,-1.940178571E1,1.608928571E1,2.062034569E2
1.436666667E1,-1.940178571E1,1.608928571E1,2.159991534E2
1.440000000E1,-1.940178571E1,1.608928571E1,2.288936294E2
1.443333333E1,-1.940178571E1,1.608928571E1,2.251881374E2
1.446666667E1,-1.940178571E1,1.608928571E1,1.863590895E2
1.450000000E1,-1.940178571E1,1.608928571E1,1.457252907E2
1.453333333E1,-1.940178571E1,1.608928571E1,1.494486869E2
1.456666667E1,-1.940178571E1,1.608928571E1,1.513409010E2
1.460000000E1,-1.940178571E1,1.608928571E1,1.709003802E2
1.463333333E1,-1.940178571E1,1.608928571E1,1.742366773E2
1.466666667E1,-1.940178571E1,1.608928571E1,1.878650288E2
1.470000000E1,-1.940178571E1,1.608928571E1,1.953535911E2
1.473333333E1,-1.940178571E1,1.608928571E1,2.082378626E2
1.476666667E1,-1.940178571E1,1.608928571E1,2.021779968E2
1.480000000E1,-1.940178571E1,1.608928571E1,1.860360256E2
1.483333333E1,-1.940178571E1,1.608928571E1,1.524607955E2
1.486666667E1,-1.940178571E1,1.608928571E1,1.556792556E2
1.490000000E1,-1.940178571E1,1.608928571E1,1.438698275E2
1.493333333E1,-1.940178571E1,1.608928571E1,1.554984505E2
1.496666667E1,-1.940178571E1,1.608928571E1,1.675759489E2
1.500000000E1,-1.940178571E1,1.608928571E1,1.919923546E2
1.503333333E1,-1.940178571E1,1.608928571E1,2.049381757E2
1.506666667E1,-1.940178571E1,1.608928571E1,2.222837764E2
1.510000000E1,-1.940178571E1,1.608928571E1,2.251693930E2
1.513333333E1,-1.940178571E1,1.608928571E1,2.278468339E2
1.516666667E1,-1.940178571E1,1.608928571E1,1.696592939E2
1.520000000E1,-1.940178571E1,1.608928571E1,1.231402780E2
1.523333333E1,-1.940178571E1,1.608928571E1,1.301646486E2
1.526666667E1,-1.940178571E1,1.608928571E1,1.550090927E2
1.530000000E1,-1.940178571E1,1.608928571E1,1.639902748E2
1.533333333E1,-1.940178571E1,1.608928571E1,1.920217732E2
1.536666667E1,-1.940178571E1,1.608928571E1,2.058895815E2
1.540000000E1,-1.940178571E1,1.608928571E1,2.235554633E2
1.543333333E1,-1.940178571E1,1.608928571E1,2.255329265E2
1.546666667E1,-1.940178571E1,1.608928571E1,2.246326741E2
1.550000000E1,-1.940178571E1,1.608928571E1,1.853142364E2
1.553333333E1,-1.940178571E1,1.608928571E1,1.497703674E2
1.556666667E1,-1.940178571E1,1.608928571E1,1.431192396E2
1.560000000E1,-1.940178571E1,1.608928571E1,1.527062971E2
1.563333333E1,-1.940178571E1,1.608928571E1,1.590548211E2
1.566666667E1,-1.940178571E1,1.608928571E1,1.753062907E2
1.570000000E1,-1.940178571E1,1.608928571E1,1.838702620E2
1.573333333E1,-1.940178571E1,1.608928571E1,2.086628211E2
1.576666667E1,-1.940178571E1,1.608928571E1,2.191224696E2
1.580000000E1,-1.940178571E1,1.608928571E1,2.321120479E2
1.583333333E1,-1.940178571E1,1.608928571E1,2.253806134E2
1.586666667E1,-1.940178571E1,1.608928571E1,1.927542268E2
1.590000000E1,-1.940178571E1,1.608928571E1,1.443356358E2
1.593333333E1,-1.940178571E1,1.608928571E1,1.553472588E2
1.596666667E1,-1.940178571E1,1.608928571E1,1.572878371E2
1.600000000E1,-1.940178571E1,1.608928571E1,1.730380607E2
1.603333333E1,-1.940178571E1,1.608928571E1,1.787309425E2
1.606666667E1,-1.940178571E1,1.608928571E1,2.022839649E2
1.610000000E1,-1.940178571E1,1.608928571E1,2.142134665E2
1.613333333E1,-1.940178571E1,1.608928571E1,2.270542364E2
1.616666667E1,-1.940178571E1,1.608928571E1,2.196913323E2
1.620000000E1,-1.940178571E1,1.608928571E1,1.900579010E2
1.623333333E1,-1.940178571E1,1.608928571E1,1.456561661E2
1.626666667E1,-1.940178571E1,1.608928571E1,1.464413994E2
1.630000000E1,-1.940178571E1,1.608928571E1,1.441020288E2
1.633333333E1,-1.940178571E1,1.608928571E1,1.570193227E2
1.636666667E1,-1.940178571E1,1.608928571E1,1.712472077E2
1.640000000E1,-1.940178571E1,1.608928571E1,1.884940128E2
1.643333333E1,-1.940178571E1,1.608928571E1,1.972811853E2
1.646666667E1,-1.940178571E1,1.608928571E1,2.154328179E2
1.650000000E1,-1.940178571E1,1.608928571E1,2.178347220E2
1.653333333E1,-1.940178571E1,1.608928571E1,2.217586773E2
1.656666667E1,-1.940178571E1,1.608928571E1,1.839885431E2
1.660000000E1,-1.940178571E1,1.608928571E1,1.495740863E2
1.663333333E1,-1.940178571E1,1.608928571E1,1.474087220E2
1.666666667E1,-1.940178571E1,1.608928571E1,1.616339808E2
1.670000000E1,-1.940178571E1,1.608928571E1,1.680801885E2
1.673333333E1,-1.940178571E1,1.608928571E1,1.898930160E2
1.676666667E1,-1.940178571E1,1.608928571E1,2.005355591E2
1.680000000E1,-1.940178571E1,1.608928571E1,2.176810639E2
1.683333333E1,-1.940178571E1,1.608928571E1,2.198883802E2
1.686666667E1,-1.940178571E1,1.608928571E1,2.181674473E2
1.690000000E1,-1.940178571E1,1.608928571E1,1.797869681E2
1.693333333E1,-1.940178571E1,1.608928571E1,1.483487572E2
1.696666667E1,-1.940178571E1,1.608928571E1,1.438262716E2
1.700000000E1,-1.940178571E1,1.608928571E1,1.542918690E2
1.703333333E1,-1.940178571E1,1.608928571E1,1.553399297E2
1.706666667E1,-1.940178571E1,1.608928571E1,1.778106230E2
1.710000000E1,-1.940178571E1,1.608928571E1,1.907945655E2
1.713333333E1,-1.940178571E1,1.608928571E1,2.152571086E2
1.716666667E1,-1.940178571E1,1.608928571E1,2.221879297E2
1.720000000E1,-1.940178571E1,1.608928571E1,2.333280224E2
1.723333333E1,-1.940178571E1,1.608928571E1,2.264021629E2
1.726666667E1,-1.940178571E1,1.608928571E1,1.944791246E2
1.730000000E1,-1.940178571E1,1.608928571E1,1.454760064E2
1.733333333E1,-1.940178571E1,1.608928571E1,1.483012204E2
1.736666667E1,-1.940178571E1,1.608928571E1,1.450936869E2
1.740000000E1,-1.940178571E1,1.608928571E1,1.715653450E2
1.743333333E1,-1.940178571E1,1.608928571E1,1.812829073E2
1.746666667E1,-1.940178571E1,1.608928571E1,1.991190958E2
1.750000000E1,-1.940178571E1,1.608928571E1,2.049860927E2
1.753333333E1,-1.940178571E1,1.608928571E1,2.166533834E2
1.756666667E1,-1.940178571E1,1.608928571E1,2.122591789E2
1.760000000E1,-1.940178571E1,1.608928571E1,1.908060128E2
1.763333333E1,-1.940178571E1,1.608928571E1,1.440871182E2
1.766666667E1,-1.940178571E1,1.608928571E1,1.471044665E2
1.770000000E1,-1.940178571E1,1.608928571E1,1.462281917E2
1.773333333E1,-1.940178571E1,1.608928571E1,1.609295463E2
1.776666667E1,-1.940178571E1,1.608928571E1,1.704807604E2
1.780000000E1,-1.940178571E1,1.608928571E1,1.891395367E2
1.783333333E1,-1.940178571E1,1.608928571E1,2.018265335E2
1.786666667E1,-1.940178571E1,1.608928571E1,2.208388530E2
1.790000000E1,-1.940178571E1,1.608928571E1,2.253557955E2
1.793333333E1,-1.940178571E1,1.608928571E1,2.296304281E2
1.796666667E1,-1.940178571E1,1.608928571E1,1.905358211E2
1.800000000E1,-1.940178571E1,1.608928571E1,1.518250224E2
1.803333333E1,-1.940178571E1,1.608928571E1,1.458582492E2
1.806666667E1,-1.940178571E1,1.608928571E1,1.568110831E2
1.810000000E1,-1.940178571E1,1.608928571E1,1.658728243E2
1.813333333E1,-1.940178571E1,1.608928571E1,1.876703674E2
1.816666667E1,-1.940178571E1,1.608928571E1,2.004911310E2
1.820000000E1,-1.940178571E1,1.608928571E1,2.169049329E2
1.823333333E1,-1.940178571E1,1.608928571E1,2.192570288E2
1.826666667E1,-1.940178571E1,1.608928571E1,2.225633930E2
1.830000000E1,-1.940178571E1,1.608928571E1,1.830638754E2
1.833333333E1,-1.940178571E1,1.608928571E1,1.466250511E2
1.836666667E1,-1.940178571E1,1.608928571E1,1.375679808E2
1.840000000E1,-1.940178571E1,1.608928571E1,1.477671789E2
1.843333333E1,-1.940178571E1,1.608928571E1,1.561796230E2
1.846666667E1,-1.940178571E1,1.608928571E1,1.777122780E2
1.850000000E1,-1.940178571E1,1.608928571E1,1.855251821E2
1.853333333E1,-1.940178571E1,1.608928571E1,2.055322620E2
1.856666667E1,-1.940178571E1,1.608928571E1,2.137383227E2
1.860000000E1,-1.940178571E1,1.608928571E1,2.288841054E2
1.863333333E1,-1.940178571E1,1.608928571E1,2.261230160E2
1.866666667E1,-1.940178571E1,1.608928571E1,1.840580927E2
1.870000000E1,-1.940178571E1,1.608928571E1,1.431487412E2
1.873333333E1,-1.940178571E1,1.608928571E1,1.500067061E2
1.876666667E1,-1.940178571E1,1.608928571E1,1.482510160E2
1.880000000E1,-1.940178571E1,1.608928571E1,1.721728978E2
1.883333333E1,-1.940178571E1,1.608928571E1,1.796752268E2
1.886666667E1,-1.940178571E1,1.608928571E1,1.964875974E2
1.890000000E1,-1.940178571E1,1.608928571E1,2.105105208E2
1.893333333E1,-1.940178571E1,1.608928571E1,2.229441853E2
1.896666667E1,-1.940178571E1,1.608928571E1,2.128028626E2
1.900000000E1,-1.940178571E1,1.608928571E1,1.806868626E2
1.903333333E1,-1.940178571E1,1.608928571E1,1.406427252E2
1.906666667E1,-1.940178571E1,1.608928571E1,1.478681629E2
1.910000000E1,-1.940178571E1,1.608928571E1,1.485404696E2
1.913333333E1,-1.940178571E1,1.608928571E1,1.645919649E2
1.916666667E1,-1.940178571E1,1.608928571E1,1.755034313E2
1.920000000E1,-1.940178571E1,1.608928571E1,1.985178882E2
1.923333333E1,-1.940178571E1,1.608928571E1,2.080548754E2
1.926666667E1,-1.940178571E1,1.608928571E1,2.254201534E2
1.930000000E1,-1.940178571E1,1.608928571E1,2.280465751E2
1.933333333E1,-1.940178571E1,1.608928571E1,2.302231661E2
1.936666667E1,-1.940178571E1,1.608928571E1,1.798803610E2
1.940000000E1,-1.940178571E1,1.608928571E1,1.441470863E2
1.943333333E1,-1.940178571E1,1.608928571E1,1.379720639E2
1.946666667E1,-1.940178571E1,1.608928571E1,1.540388466E2
1.950000000E1,-1.940178571E1,1.608928571E1,1.690363131E2
1.953333333E1,-1.940178571E1,1.608928571E1,1.869323930E2
1.956666667E1,-1.940178571E1,1.608928571E1,1.937462332E2
1.960000000E1,-1.940178571E1,1.608928571E1,2.119157700E2
1.963333333E1,-1.940178571E1,1.608928571E1,2.180027316E2
1.966666667E1,-1.940178571E1,1.608928571E1,2.208455591E2
1.970000000E1,-1.940178571E1,1.608928571E1,1.789664696E2
1.973333333E1,-1.940178571E1,1.608928571E1,1.510217764E2
1.976666667E1,-1.940178571E1,1.608928571E1,1.443785080E2
1.980000000E1,-1.940178571E1,1.608928571E1,1.568416837E2
1.983333333E1,-1.940178571E1,1.608928571E1,1.599954058E2
1.986666667E1,-1.940178571E1,1.608928571E1,1.802359968E2
1.990000000E1,-1.940178571E1,1.608928571E1,1.878409904E2
1.993333333E1,-1.940178571E1,1.608928571E1,2.033168243E2
1.996666667E1,-1.940178571E1,1.608928571E1,2.102472173E2
2.000000000E1,-1.940178571E1,1.608928571E1,2.233051629E2
2.003333333E1,-1.940178571E1,1.608928571E1,2.146035048E2
2.006666667E1,-1.940178571E1,1.608928571E1,1.774621342E2
2.010000000E1,-1.940178571E1,1.608928571E1,1.404547125E2
2.013333333E1,-1.940178571E1,1.608928571E1,1.420958882E2
2.016666667E1,-1.940178571E1,1.608928571E1,1.451136230E2
2.020000000E1,-1.940178571E1,1.608928571E1,1.762076390E2
2.023333333E1,-1.940178571E1,1.608928571E1,1.930295655E2
2.026666667E1,-1.940178571E1,1.608928571E1,2.195852141E2
2.030000000E1,-1.940178571E1,1.608928571E1,2.275918658E2
2.033333333E1,-1.940178571E1,1.608928571E1,2.366481054E2
2.036666667E1,-1.940178571E1,1.608928571E1,2.264719968E2
2.040000000E1,-1.940178571E1,1.608928571E1,1.866625304E2
2.043333333E1,-1.940178571E1,1.608928571E1,1.469188626E2
2.046666667E1,-1.940178571E1,1.608928571E1,1.514004856E2
2.050000000E1,-1.940178571E1,1.608928571E1,1.476514313E2
2.053333333E1,-1.940178571E1,1.608928571E1,1.686128690E2
2.056666667E1,-1.940178571E1,1.608928571E1,1.747177157E2
2.060000000E1,-1.940178571E1,1.608928571E1,1.896944153E2
2.063333333E1,-1.940178571E1,1.608928571E1,2.004934952E2
2.066666667E1,-1.940178571E1,1.608928571E1,2.197382109E2
2.070000000E1,-1.940178571E1,1.608928571E1,2.216895623E2
2.073333333E1,-1.940178571E1,1.608928571E1,2.252998498E2
2.076666667E1,-1.940178571E1,1.608928571E1,1.731973610E2
2.080000000E1,-1.940178571E1,1.608928571E1,1.469700958E2
2.083333333E1,-1.940178571E1,1.608928571E1,1.385266837E2
2.086666667E1,-1.940178571E1,1.608928571E1,1.528802236E2
2.090000000E1,-1.940178571E1,1.608928571E1,1.697249904E2
2.093333333E1,-1.940178571E1,1.608928571E1,1.911935942E2
2.096666667E1,-1.940178571E1,1.608928571E1,2.003377348E2
2.100000000E1,-1.940178571E1,1.608928571E1,2.165259329E2
2.103333333E1,-1.940178571E1,1.608928571E1,2.164477540E2
2.106666667E1,-1.940178571E1,1.608928571E1,2.164105942E2
2.110000000E1,-1.940178571E1,1.608928571E1,1.711492396E2
2.113333333E1,-1.940178571E1,1.608928571E1,1.526594441E2
2.116666667E1,-1.940178571E1,1.608928571E1,1.479398051E2
2.120000000E1,-1.940178571E1,1.608928571E1,1.542040799E2
2.123333333E1,-1.940178571E1,1.608928571E1,1.584594601E2
2.126666667E1,-1.940178571E1,1.608928571E1,1.827611374E2
2.130000000E1,-1.940178571E1,1.608928571E1,1.957544665E2
2.133333333E1,-1.940178571E1,1.608928571E1,2.182097891E2
2.136666667E1,-1.940178571E1,1.608928571E1,2.248609489E2
2.140000000E1,-1.940178571E1,1.608928571E1,2.332366102E2
2.143333333E1,-1.940178571E1,1.608928571E1,2.235211438E2
2.146666667E1,-1.940178571E1,1.608928571E1,1.768941342E2
2.150000000E1,-1.940178571E1,1.608928571E1,1.404714728E2
2.153333333E1,-1.940178571E1,1.608928571E1,1.380630256E2
2.156666667E1,-1.940178571E1,1.608928571E1,1.444494696E2
2.160000000E1,-1.940178571E1,1.608928571E1,1.771597732E2
2.163333333E1,-1.940178571E1,1.608928571E1,1.912135655E2
2.166666667E1,-1.940178571E1,1.608928571E1,2.089726901E2
2.170000000E1,-1.940178571E1,1.608928571E1,2.120083131E2
2.173333333E1,-1.940178571E1,1.608928571E1,2.268190288E2
2.176666667E1,-1.940178571E1,1.608928571E1,2.152622875E2
2.180000000E1,-1.940178571E1,1.608928571E1,1.777247220E2
2.183333333E1,-1.940178571E1,1.608928571E1,1.385868466E2
2.186666667E1,-1.940178571E1,1.608928571E1,1.440219105E2
2.190000000E1,-1.940178571E1,1.608928571E1,1.416004281E2
2.193333333E1,-1.940178571E1,1.608928571E1,1.661697157E2
2.196666667E1,-1.940178571E1,1.608928571E1,1.769429776E2
2.200000000E1,-1.940178571E1,1.608928571E1,1.990444856E2
2.203333333E1,-1.940178571E1,1.608928571E1,2.074245463E2
2.206666667E1,-1.940178571E1,1.608928571E1,2.244926294E2
2.210000000E1,-1.940178571E1,1.608928571E1,2.263466901E2
2.213333333E1,-1.940178571E1,1.608928571E1,2.259062875E2
2.216666667E1,-1.940178571E1,1.608928571E1,1.744188115E2
2.220000000E1,-1.940178571E1,1.608928571E1,1.504725272E2
2.223333333E1,-1.940178571E1,1.608928571E1,1.451170064E2
2.226666667E1,-1.940178571E1,1.608928571E1,1.603268051E2
2.230000000E1,-1.940178571E1,1.608928571E1,1.697790415E2
2.233333333E1,-1.940178571E1,1.608928571E1,1.894339393E2
2.236666667E1,-1.940178571E1,1.608928571E1,1.933866837E2
2.240000000E1,-1.940178571E1,1.608928571E1,2.082181118E2
2.243333333E1,-1.940178571E1,1.608928571E1,2.143470288E2
2.246666667E1,-1.940178571E1,1.608928571E1,2.165257125E2
2.250000000E1,-1.940178571E1,1.608928571E1,1.700901565E2
2.253333333E1,-1.940178571E1,1.608928571E1,1.495494569E2
2.256666667E1,-1.940178571E1,1.608928571E1,1.450087157E2
2.260000000E1,-1.940178571E1,1.608928571E1,1.559083035E2
2.263333333E1,-1.940178571E1,1.608928571E1,1.641939201E2
2.266666667E1,-1.940178571E1,1.608928571E1,1.807452173E2
2.270000000E1,-1.940178571E1,1.608928571E1,1.874261949E2
2.273333333E1,-1.940178571E1,1.608928571E1,2.081078946E2
2.276666667E1,-1.940178571E1,1.608928571E1,2.195934409E2
2.280000000E1,-1.940178571E1,1.608928571E1,2.303587955E2
2.283333333E1,-1.940178571E1,1.608928571E1,2.153623387E2
2.286666667E1,-1.940178571E1,1.608928571E1,1.673244633E2
2.290000000E1,-1.940178571E1,1.608928571E1,1.388886230E2
2.293333333E1,-1.940178571E1,1.608928571E1,1.488235495E2
2.296666667E1,-1.940178571E1,1.608928571E1,1.498731629E2
2.300000000E1,-1.940178571E1,1.608928571E1,1.802572748E2
2.303333333E1,-1.940178571E1,1.608928571E1,1.983613035E2
2.306666667E1,-1.940178571E1,1.608928571E1,2.191398466E2
2.310000000E1,-1.940178571E1,1.608928571E1,2.247773994E2
2.313333333E1,-1.940178571E1,1.608928571E1,2.348546198E2
2.316666667E1,-1.940178571E1,1.608928571E1,2.208550958E2
2.320000000E1,-1.940178571E1,1.608928571E1,1.787557061E2
2.323333333E1,-1.940178571E1,1.608928571E1,1.441312364E2
2.326666667E1,-1.940178571E1,1.608928571E1,1.508543067E2
2.330000000E1,-1.940178571E1,1.608928571E1,1.517127540E2
2.333333333E1,-1.940178571E1,1.608928571E1,1.674564473E2
2.336666667E1,-1.940178571E1,1.608928571E1,1.774495847E2
2.340000000E1,-1.940178571E1,1.608928571E1,2.005379808E2
2.343333333E1,-1.940178571E1,1.608928571E1,2.143620799E2
2.346666667E1,-1.940178571E1,1.608928571E1,2.308816581E2
2.350000000E1,-1.940178571E1,1.608928571E1,2.331420767E2
2.353333333E1,-1.940178571E1,1.608928571E1,2.295671821E2
2.356666667E1,-1.940178571E1,1.608928571E1,1.734093610E2
2.360000000E1,-1.940178571E1,1.608928571E1,1.507014217E2
2.363333333E1,-1.940178571E1,1.608928571E1,1.547616869E2
2.366666667E1,-1.940178571E1,1.608928571E1,1.659664185E2
2.370000000E1,-1.940178571E1,1.608928571E1,1.724620128E2
2.373333333E1,-1.940178571E1,1.608928571E1,1.957472684E2
2.376666667E1,-1.940178571E1,1.608928571E1,2.083339776E2
2.380000000E1,-1.940178571E1,1.608928571E1,2.288123163E2
2.383333333E1,-1.940178571E1,1.608928571E1,2.320629010E2
2.386666667E1,-1.940178571E1,1.608928571E1,2.276425751E2
2.390000000E1,-1.940178571E1,1.608928571E1,1.804921597E2
2.393333333E1,-1.940178571E1,1.608928571E1,1.540556773E2
2.396666667E1,-1.940178571E1,1.608928571E1,1.537799776E2
2.400000000E1,-1.940178571E1,1.608928571E1,1.636770064E2
2.403333333E1,-1.940178571E1,1.608928571E1,1.659638818E2
2.406666667E1,-1.940178571E1,1.608928571E1,1.817193323E2
2.410000000E1,-1.940178571E1,1.608928571E1,1.856008307E2
2.413333333E1,-1.940178571E1,1.608928571E1,2.050538019E2
2.416666667E1,-1.940178571E1,1.608928571E1,2.151512204E2
2.420000000E1,-1.940178571E1,1.608928571E1,2.261057764E2
2.423333333E1,-1.940178571E1,1.608928571E1,2.211934952E2
2.426666667E1,-1.940178571E1,1.608928571E1,1.844837157E2
2.430000000E1,-1.940178571E1,1.608928571E1,1.471406741E2
2.433333333E1,-1.940178571E1,1.608928571E1,1.566659744E2
2.436666667E1,-1.940178571E1,1.608928571E1,1.584192588E2
2.440000000E1,-1.940178571E1,1.608928571E1,1.765308882E2
2.443333333E1,-1.940178571E1,1.608928571E1,1.822468498E2
2.446666667E1,-1.940178571E1,1.608928571E1,2.014219936E2
2.450000000E1,-1.940178571E1,1.608928571E1,2.129720479E2
2.453333333E1,-1.940178571E1,1.608928571E1,2.286305687E2
2.456666667E1,-1.940178571E1,1.608928571E1,2.232149553E2
2.460000000E1,-1.940178571E1,1.608928571E1,1.877284824E2
2.463333333E1,-1.940178571E1,1.608928571E1,1.386672652E2
2.466666667E1,-1.940178571E1,1.608928571E1,1.459552013E2
2.470000000E1,-1.940178571E1,1.608928571E1,1.446112524E2
2.473333333E1,-1.940178571E1,1.608928571E1,1.704609968E2
2.476666667E1,-1.940178571E1,1.608928571E1,1.762929233E2
2.480000000E1,-1.940178571E1,1.608928571E1,1.929942013E2
2.483333333E1,-1.940178571E1,1.608928571E1,2.024428466E2
2.486666667E1,-1.940178571E1,1.608928571E1,2.231562588E2
2.490000000E1,-1.940178571E1,1.608928571E1,2.258485942E2
2.493333333E1,-1.940178571E1,1.608928571E1,2.314389361E2
2.496666667E1,-1.940178571E1,1.608928571E1,1.885739457E2
2.500000000E1,-1.940178571E1,1.608928571E1,1.564116805E2
2.503333333E1,-1.940178571E1,1.608928571E1,1.589332620E2
2.506666667E1,-1.940178571E1,1.608928571E1,1.663749936E2
2.510000000E1,-1.940178571E1,1.608928571E1,1.690985687E2
2.513333333E1,-1.940178571E1,1.608928571E1,1.866429297E2
2.516666667E1,-1.940178571E1,1.608928571E1,1.970791661E2
2.520000000E1,-1.940178571E1,1.608928571E1,2.194391534E2
2.523333333E1,-1.940178571E1,1.608928571E1,2.242144984E2
2.526666667E1,-1.940178571E1,1.608928571E1,2.253336038E2
2.530000000E1,-1.940178571E1,1.608928571E1,1.835126901E2
2.533333333E1,-1.940178571E1,1.608928571E1,1.504609393E2
2.536666667E1,-1.940178571E1,1.608928571E1,1.442221981E2
2.540000000E1,-1.940178571E1,1.608928571E1,1.496667732E2
2.543333333E1,-1.940178571E1,1.608928571E1,1.610604728E2
2.546666667E1,-1.940178571E1,1.608928571E1,1.826741310E2
2.550000000E1,-1.940178571E1,1.608928571E1,1.863253163E2
2.553333333E1,-1.940178571E1,1.608928571E1,2.044438051E2
2.556666667E1,-1.940178571E1,1.608928571E1,2.132378562E2
2.560000000E1,-1.940178571E1,1.608928571E1,2.262910511E2
2.563333333E1,-1.940178571E1,1.608928571E1,2.221287891E2
2.566666667E1,-1.940178571E1,1.608928571E1,1.926045527E2
2.570000000E1,-1.940178571E1,1.608928571E1,1.425969776E2
2.573333333E1,-1.940178571E1,1.608928571E1,1.452633642E2
2.576666667E1,-1.940178571E1,1.608928571E1,1.465046134E2
2.580000000E1,-1.940178571E1,1.608928571E1,1.746723642E2
2.583333333E1,-1.940178571E1,1.608928571E1,1.888151534E2
2.586666667E1,-1.940178571E1,1.608928571E1,2.068106869E2
2.590000000E1,-1.940178571E1,1.608928571E1,2.102784569E2
2.593333333E1,-1.940178571E1,1.608928571E1,2.182354792E2
2.596666667E1,-1.940178571E1,1.608928571E1,2.103274601E2
2.600000000E1,-1.940178571E1,1.608928571E1,1.854069681E2
2.603333333E1,-1.940178571E1,1.608928571E1,1.440032204E2
2.606666667E1,-1.940178571E1,1.608928571E1,1.483880575E2
2.610000000E1,-1.940178571E1,1.608928571E1,1.477031182E2
2.613333333E1,-1.940178571E1,1.608928571E1,1.703333067E2
2.616666667E1,-1.940178571E1,1.608928571E1,1.751977157E2
2.620000000E1,-1.940178571E1,1.608928571E1,1.959144121E2
2.623333333E1,-1.940178571E1,1.608928571E1,2.043200703E2
2.626666667E1,-1.940178571E1,1.608928571E1,2.247359808E2
2.630000000E1,-1.940178571E1,1.608928571E1,2.284985016E2
2.633333333E1,-1.940178571E1,1.608928571E1,2.317192907E2
2.636666667E1,-1.940178571E1,1.608928571E1,1.970149681E2
2.640000000E1,-1.940178571E1,1.608928571E1,1.542967891E2
2.643333333E1,-1.940178571E1,1.608928571E1,1.439184792E2
2.646666667E1,-1.940178571E1,1.608928571E1,1.619524249E2
2.650000000E1,-1.940178571E1,1.608928571E1,1.727557604E2
2.653333333E1,-1.940178571E1,1.608928571E1,1.925811885E2
2.656666667E1,-1.940178571E1,1.608928571E1,2.044358754E2
2.660000000E1,-1.940178571E1,1.608928571E1,2.250863930E2
2.663333333E1,-1.940178571E1,1.608928571E1,2.273390192E2
2.666666667E1,-1.940178571E1,1.608928571E1,2.291129968E2
2.670000000E1,-1.940178571E1,1.608928571E1,1.884792907E2
2.673333333E1,-1.940178571E1,1.608928571E1,1.460626581E2
2.676666667E1,-1.940178571E1,1.608928571E1,1.371343323E2
2.680000000E1,-1.940178571E1,1.608928571E1,1.537010351E2
2.683333333E1,-1.940178571E1,1.608928571E1,1.614194185E2
2.686666667E1,-1.940178571E1,1.608928571E1,1.845576677E2
2.690000000E1,-1.940178571E1,1.608928571E1,1.955917348E2
2.693333333E1,-1.940178571E1,1.608928571E1,2.163260895E2
2.696666667E1,-1.940178571E1,1.608928571E1,2.230972396E2
2.700000000E1,-1.940178571E1,1.608928571E1,2.317658882E2
2.703333333E1,-1.940178571E1,1.608928571E1,2.262716166E2
2.706666667E1,-1.940178571E1,1.608928571E1,1.985452971E2
2.710000000E1,-1.940178571E1,1.608928571E1,1.476376773E2
2.713333333E1,-1.940178571E1,1.608928571E1,1.554999073E2
2.716666667E1,-1.940178571E1,1.608928571E1,1.624818594E2
2.720000000E1,-1.940178571E1,1.608928571E1,1.795123706E2
2.723333333E1,-1.940178571E1,1.608928571E1,1.790997188E2
2.726666667E1,-1.940178571E1,1.608928571E1,1.960080192E2
2.730000000E1,-1.940178571E1,1.608928571E1,2.056053610E2
2.733333333E1,-1.940178571E1,1.608928571E1,2.221249744E2
2.736666667E1,-1.940178571E1,1.608928571E1,2.173378403E2
2.740000000E1,-1.940178571E1,1.608928571E1,2.000002971E2
2.743333333E1,-1.940178571E1,1.608928571E1,1.506653035E2
2.746666667E1,-1.940178571E1,1.608928571E1,1.562187157E2
2.750000000E1,-1.940178571E1,1.608928571E1,1.536342524E2
2.753333333E1,-1.940178571E1,1.608928571E1,1.720743035E2
2.756666667E1,-1.940178571E1,1.608928571E1,1.772378498E2
2.760000000E1,-1.940178571E1,1.608928571E1,1.909556486E2
2.763333333E1,-1.940178571E1,1.608928571E1,1.947583546E2
2.766666667E1,-1.940178571E1,1.608928571E1,2.115023578E2
2.770000000E1,-1.940178571E1,1.608928571E1,2.212076198E2
2.773333333E1,-1.940178571E1,1.608928571E1,2.336298498E2
2.776666667E1,-1.940178571E1,1.608928571E1,2.102018179E2
2.780000000E1,-1.940178571E1,1.608928571E1,1.618085208E2
2.783333333E1,-1.940178571E1,1.608928571E1,1.517745815E2
2.786666667E1,-1.940178571E1,1.608928571E1,1.561899489E2
2.790000000E1,-1.940178571E1,1.608928571E1,1.674258722E2
2.793333333E1,-1.940178571E1,1.608928571E1,1.909639105E2
2.796666667E1,-1.940178571E1,1.608928571E1,1.988751949E2
2.800000000E1,-1.940178571E1,1.608928571E1,2.149830383E2
2.803333333E1,-1.940178571E1,1.608928571E1,2.196295304E2
2.806666667E1,-1.940178571E1,1.608928571E1,2.250212843E2
2.810000000E1,-1.940178571E1,1.608928571E1,2.035095719E2
2.813333333E1,-1.940178571E1,1.608928571E1,1.537598946E2
2.816666667E1,-1.940178571E1,1.608928571E1,1.390102364E2
2.820000000E1,-1.940178571E1,1.608928571E1,1.524188371E2
2.823333333E1,-1.940178571E1,1.608928571E1,1.599069361E2
2.826666667E1,-1.940178571E1,1.608928571E1,1.815340224E2
2.830000000E1,-1.940178571E1,1.608928571E1,1.858363131E2
2.833333333E1,-1.940178571E1,1.608928571E1,2.046752716E2
2.836666667E1,-1.940178571E1,1.608928571E1,2.136465240E2
2.840000000E1,-1.940178571E1,1.608928571E1,2.283562236E2
2.843333333E1,-1.940178571E1,1.608928571E1,2.274604313E2
2.846666667E1,-1.940178571E1,1.608928571E1,2.167318818E2
2.850000000E1,-1.940178571E1,1.608928571E1,1.537377668E2
2.853333333E1,-1.940178571E1,1.608928571E1,1.457375719E2
2.856666667E1,-1.940178571E1,1.608928571E1,1.490400639E2
2.860000000E1,-1.940178571E1,1.608928571E1,1.675554984E2
2.863333333E1,-1.940178571E1,1.608928571E1,1.812276166E2
2.866666667E1,-1.940178571E1,1.608928571E1,2.017618978E2
2.870000000E1,-1.940178571E1,1.608928571E1,2.119044121E2
2.873333333E1,-1.940178571E1,1.608928571E1,2.241524792E2
2.876666667E1,-1.940178571E1,1.608928571E1,2.213769649E2
2.880000000E1,-1.940178571E1,1.608928571E1,2.144409712E2
2.883333333E1,-1.940178571E1,1.608928571E1,1.615548690E2
2.886666667E1,-1.940178571E1,1.608928571E1,1.538765240E2
2.890000000E1,-1.940178571E1,1.608928571E1,1.524675208E2
2.893333333E1,-1.940178571E1,1.608928571E1,1.636452268E2
2.896666667E1,-1.940178571E1,1.608928571E1,1.706267987E2
2.900000000E1,-1.940178571E1,1.608928571E1,1.889132013E2
2.903333333E1,-1.940178571E1,1.608928571E1,1.973282812E2
2.906666667E1,-1.940178571E1,1.608928571E1,2.137241597E2
2.910000000E1,-1.940178571E1,1.608928571E1,2.199000000E2
2.913333333E1,-1.940178571E1,1.608928571E1,2.287933610E2
2.916666667E1,-1.940178571E1,1.608928571E1,2.167108754E2
2.920000000E1,-1.940178571E1,1.608928571E1,1.698239936E2
2.923333333E1,-1.940178571E1,1.608928571E1,1.698239936E2
2.926666667E1,-1.940178571E1,1.608928571E1,1.445042684E2
2.930000000E1,-1.940178571E1,1.608928571E1,1.510004601E2
2.933333333E1,-1.940178571E1,1.608928571E1,1.621782460E2
2.936666667E1,-1.940178571E1,1.608928571E1,1.833617732E2
2.940000000E1,-1.940178571E1,1.608928571E1,1.961861853E2
2.943333333E1,-1.940178571E1,1.608928571E1,2.173324633E2
2.946666667E1,-1.940178571E1,1.608928571E1,2.226601214E2
2.950000000E1,-1.940178571E1,1.608928571E1,2.304299010E2
2.953333333E1,-1.940178571E1,1.608928571E1,2.125966645E2
2.956666667E1,-1.940178571E1,1.608928571E1,1.630354026E2
2.960000000E1,-1.940178571E1,1.608928571E1,1.406542396E2
2.963333333E1,-1.940178571E1,1.608928571E1,1.552138243E2
2.966666667E1,-1.940178571E1,1.608928571E1,1.577051374E2
2.970000000E1,-1.940178571E1,1.608928571E1,1.795384377E2
2.973333333E1,-1.940178571E1,1.608928571E1,1.831639681E2
2.976666667E1,-1.940178571E1,1.608928571E1,2.037567732E2
2.980000000E1,-1.940178571E1,1.608928571E1,2.126118658E2
2.983333333E1,-1.940178571E1,1.608928571E1,2.267339169E2
2.986666667E1,-1.940178571E1,1.608928571E1,2.232246102E2
2.990000000E1,-1.940178571E1,1.608928571E1,2.139661693E2
2.993333333E1,-1.940178571E1,1.608928571E1,1.552423003E2
2.996666667E1,-1.940178571E1,1.608928571E1,1.542868850E2
3.000000000E1,-1.940178571E1,1.608928571E1,1.579687604E2
3.003333333E1,-1.940178571E1,1.608928571E1,1.738508914E2
3.006666667E1,-1.940178571E1,1.608928571E1,1.749354185E2
3.010000000E1,-1.940178571E1,1.608928571E1,1.910091853E2
3.013333333E1,-1.940178571E1,1.608928571E1,1.991312875E2
3.016666667E1,-1.940178571E1,1.608928571E1,2.184148498E2
3.020000000E1,-1.940178571E1,1.608928571E1,2.232784792E2
3.023333333E1,-1.940178571E1,1.608928571E1,2.186174760E2
3.026666667E1,-1.940178571E1,1.608928571E1,1.634362268E2
3.030000000E1,-1.940178571E1,1.608928571E1,1.475556805E2
3.033333333E1,-1.940178571E1,1.608928571E1,1.494496358E2
3.036666667E1,-1.940178571E1,1.608928571E1,1.629636262E2
3.040000000E1,-1.940178571E1,1.608928571E1,1.671357220E2
3.043333333E1,-1.940178571E1,1.608928571E1,1.851640128E2
3.046666667E1,-1.940178571E1,1.608928571E1,1.949413930E2
3.050000000E1,-1.940178571E1,1.608928571E1,2.151805815E2
3.053333333E1,-1.940178571E1,1.608928571E1,2.202164696E2
3.056666667E1,-1.940178571E1,1.608928571E1,2.279071821E2
3.060000000E1,-1.940178571E1,1.608928571E1,2.194163419E2
3.063333333E1,-1.940178571E1,1.608928571E1,1.794625527E2
3.066666667E1,-1.940178571E1,1.608928571E1,1.491935176E2
3.070000000E1,-1.940178571E1,1.608928571E1,1.552805112E2
3.073333333E1,-1.940178571E1,1.608928571E1,1.549845080E2
3.076666667E1,-1.940178571E1,1.608928571E1,1.779721214E2
3.080000000E1,-1.940178571E1,1.608928571E1,1.881969393E2
3.083333333E1,-1.940178571E1,1.608928571E1,2.026932460E2
3.086666667E1,-1.940178571E1,1.608928571E1,2.108455815E2
3.090000000E1,-1.940178571E1,1.608928571E1,2.242050160E2
3.093333333E1,-1.940178571E1,1.608928571E1,2.138797444E2
3.096666667E1,-1.940178571E1,1.608928571E1,1.821102524E2
3.100000000E1,-1.940178571E1,1.608928571E1,1.420227508E2
3.103333333E1,-1.940178571E1,1.608928571E1,1.515903387E2
3.106666667E1,-1.940178571E1,1.608928571E1,1.522143898E2
3.110000000E1,-1.940178571E1,1.608928571E1,1.725794633E2
3.113333333E1,-1.940178571E1,1.608928571E1,1.792333642E2
3.116666667E1,-1.940178571E1,1.608928571E1,2.002041150E2
3.120000000E1,-1.940178571E1,1.608928571E1,2.123260000E2
3.123333333E1,-1.940178571E1,1.608928571E1,2.296569201E2
3.126666667E1,-1.940178571E1,1.608928571E1,2.305035335E2
3.130000000E1,-1.940178571E1,1.608928571E1,2.278066326E2
3.133333333E1,-1.940178571E1,1.608928571E1,1.841947732E2
3.136666667E1,-1.940178571E1,1.608928571E1,1.521905974E2
3.140000000E1,-1.940178571E1,1.608928571E1,1.440043067E2
3.143333333E1,-1.940178571E1,1.608928571E1,1.613202428E2
3.146666667E1,-1.940178571E1,1.608928571E1,1.699427220E2
3.150000000E1,-1.940178571E1,1.608928571E1,1.906565304E2
3.153333333E1,-1.940178571E1,1.608928571E1,1.984490671E2
3.156666667E1,-1.940178571E1,1.608928571E1,2.145904633E2
3.160000000E1,-1.940178571E1,1.608928571E1,2.153216933E2
3.163333333E1,-1.940178571E1,1.608928571E1,2.220278243E2
3.166666667E1,-1.940178571E1,1.608928571E1,1.872184888E2
3.170000000E1,-1.940178571E1,1.608928571E1,1.554312077E2
3.173333333E1,-1.940178571E1,1.608928571E1,1.466867955E2
3.176666667E1,-1.940178571E1,1.608928571E1,1.597950096E2
3.180000000E1,-1.940178571E1,1.608928571E1,1.649170351E2
3.183333333E1,-1.940178571E1,1.608928571E1,1.813502748E2
3.186666667E1,-1.940178571E1,1.608928571E1,1.869455719E2
3.190000000E1,-1.940178571E1,1.608928571E1,2.061737764E2
3.193333333E1,-1.940178571E1,1.608928571E1,2.184311502E2
3.196666667E1,-1.940178571E1,1.608928571E1,2.317016134E2
3.200000000E1,-1.940178571E1,1.608928571E1,2.269385974E2
3.203333333E1,-1.940178571E1,1.608928571E1,1.873135687E2
3.206666667E1,-1.940178571E1,1.608928571E1,1.358136709E2
3.210000000E1,-1.940178571E1,1.608928571E1,1.401303195E2
3.213333333E1,-1.940178571E1,1.608928571E1,1.456760575E2
3.216666667E1,-1.940178571E1,1.608928571E1,1.781786326E2
3.220000000E1,-1.940178571E1,1.608928571E1,1.908469840E2
3.223333333E1,-1.940178571E1,1.608928571E1,2.147221917E2
3.226666667E1,-1.940178571E1,1.608928571E1,2.206095399E2
3.230000000E1,-1.940178571E1,1.608928571E1,2.312771821E2
3.233333333E1,-1.940178571E1,1.608928571E1,2.259430863E2
3.236666667E1,-1.940178571E1,1.608928571E1,1.961373323E2
3.240000000E1,-1.940178571E1,1.608928571E1,1.452361949E2
3.243333333E1,-1.940178571E1,1.608928571E1,1.529503930E2
3.246666667E1,-1.940178571E1,1.608928571E1,1.496233930E2
3.250000000E1,-1.940178571E1,1.608928571E1,1.688055847E2
3.253333333E1,-1.940178571E1,1.608928571E1,1.752541597E2
3.256666667E1,-1.940178571E1,1.608928571E1,1.987859329E2
3.260000000E1,-1.940178571E1,1.608928571E1,2.122533738E2
3.263333333E1,-1.940178571E1,1.608928571E1,2.286675304E2
3.266666667E1,-1.940178571E1,1.608928571E1,2.300431438E2
3.270000000E1,-1.940178571E1,1.608928571E1,2.334000351E2
3.273333333E1,-1.940178571E1,1.608928571E1,1.887098722E2
3.276666667E1,-1.940178571E1,1.608928571E1,1.480562684E2
3.280000000E1,-1.940178571E1,1.608928571E1,1.421385687E2
3.283333333E1,-1.940178571E1,1.608928571E1,1.571615272E2
3.286666667E1,-1.940178571E1,1.608928571E1,1.694523898E2
3.290000000E1,-1.940178571E1,1.608928571E1,1.896134792E2
3.293333333E1,-1.940178571E1,1.608928571E1,1.985193099E2
3.296666667E1,-1.940178571E1,1.608928571E1,2.119528307E2
3.300000000E1,-1.940178571E1,1.608928571E1,2.060643674E2
3.303333333E1,-1.940178571E1,1.608928571E1,2.072100128E2
3.306666667E1,-1.940178571E1,1.608928571E1,1.849411949E2
3.310000000E1,-1.940178571E1,1.608928571E1,1.675204792E2
3.313333333E1,-1.940178571E1,1.608928571E1,1.560604633E2
3.316666667E1,-1.940178571E1,1.608928571E1,1.597050479E2
3.320000000E1,-1.940178571E1,1.608928571E1,1.633897476E2
3.323333333E1,-1.940178571E1,1.608928571E1,1.805704569E2
3.326666667E1,-1.940178571E1,1.608928571E1,1.858325879E2
3.330000000E1,-1.940178571E1,1.608928571E1,2.072687700E2
3.333333333E1,-1.940178571E1,1.608928571E1,2.175950224E2
3.336666667E1,-1.940178571E1,1.608928571E1,2.287608243E2
3.340000000E1,-1.940178571E1,1.608928571E1,2.277030128E2
3.343333333E1,-1.940178571E1,1.608928571E1,2.075830288E2
3.346666667E1,-1.940178571E1,1.608928571E1,1.506269936E2
3.350000000E1,-1.940178571E1,1.608928571E1,1.579244888E2
3.353333333E1,-1.940178571E1,1.608928571E1,1.561997764E2
3.356666667E1,-1.940178571E1,1.608928571E1,1.782053834E2
3.360000000E1,-1.940178571E1,1.608928571E1,1.783820288E2
3.363333333E1,-1.940178571E1,1.608928571E1,1.959160703E2
3.366666667E1,-1.940178571E1,1.608928571E1,2.052582013E2
3.370000000E1,-1.940178571E1,1.608928571E1,2.240591757E2
3.373333333E1,-1.940178571E1,1.608928571E1,2.228128435E2
3.376666667E1,-1.940178571E1,1.608928571E1,2.090446837E2
3.380000000E1,-1.940178571E1,1.608928571E1,1.532883291E2
3.383333333E1,-1.940178571E1,1.608928571E1,1.489661789E2
3.386666667E1,-1.940178571E1,1.608928571E1,1.475366198E2
3.390000000E1,-1.940178571E1,1.608928571E1,1.643423067E2
3.393333333E1,-1.940178571E1,1.608928571E1,1.743765431E2
3.396666667E1,-1.940178571E1,1.608928571E1,1.960213067E2
3.400000000E1,-1.940178571E1,1.608928571E1,2.075652013E2
3.403333333E1,-1.940178571E1,1.608928571E1,2.265701342E2
3.406666667E1,-1.940178571E1,1.608928571E1,2.289251278E2
3.410000000E1,-1.940178571E1,1.608928571E1,2.340532428E2
3.413333333E1,-1.940178571E1,1.608928571E1,2.147306805E2
3.416666667E1,-1.940178571E1,1.608928571E1,1.753679361E2
3.420000000E1,-1.940178571E1,1.608928571E1,1.590924185E2
3.423333333E1,-1.940178571E1,1.608928571E1,1.645474185E2
3.426666667E1,-1.940178571E1,1.608928571E1,1.677662524E2
3.430000000E1,-1.940178571E1,1.608928571E1,1.824855591E2
3.433333333E1,-1.940178571E1,1.608928571E1,1.933144089E2
3.436666667E1,-1.940178571E1,1.608928571E1,2.147792907E2
3.440000000E1,-1.940178571E1,1.608928571E1,2.203558530E2
3.443333333E1,-1.940178571E1,1.608928571E1,2.272680447E2
3.446666667E1,-1.940178571E1,1.608928571E1,2.100041949E2
3.450000000E1,-1.940178571E1,1.608928571E1,1.663264569E2
3.453333333E1,-1.940178571E1,1.608928571E1,1.385680192E2
3.456666667E1,-1.940178571E1,1.608928571E1,1.477496486E2
3.460000000E1,-1.940178571E1,1.608928571E1,1.534498083E2
3.463333333E1,-1.940178571E1,1.608928571E1,1.789290671E2
3.466666667E1,-1.940178571E1,1.608928571E1,1.892384728E2
3.470000000E1,-1.940178571E1,1.608928571E1,2.084023387E2
3.473333333E1,-1.940178571E1,1.608928571E1,2.155383003E2
3.476666667E1,-1.940178571E1,1.608928571E1,2.283208530E2
3.480000000E1,-1.940178571E1,1.608928571E1,2.241185463E2
3.483333333E1,-1.940178571E1,1.608928571E1,2.200093482E2
3.486666667E1,-1.940178571E1,1.608928571E1,1.635222620E2
3.490000000E1,-1.940178571E1,1.608928571E1,1.507334089E2
3.493333333E1,-1.940178571E1,1.608928571E1,1.408915112E2
3.496666667E1,-1.940178571E1,1.608928571E1,1.662429393E2
3.500000000E1,-1.940178571E1,1.608928571E1,1.790225879E2
3.503333333E1,-1.940178571E1,1.608928571E1,1.956909457E2
3.506666667E1,-1.940178571E1,1.608928571E1,2.033638594E2
3.510000000E1,-1.940178571E1,1.608928571E1,2.206384217E2
3.513333333E1,-1.940178571E1,1.608928571E1,2.208891406E2
3.516666667E1,-1.940178571E1,1.608928571E1,2.177062268E2
3.520000000E1,-1.940178571E1,1.608928571E1,1.733597220E2
3.523333333E1,-1.940178571E1,1.608928571E1,1.538321725E2
3.526666667E1,-1.940178571E1,1.608928571E1,1.511243994E2
3.530000000E1,-1.940178571E1,1.608928571E1,1.617536326E2
3.533333333E1,-1.940178571E1,1.608928571E1,1.671458530E2
3.536666667E1,-1.940178571E1,1.608928571E1,1.861874505E2
3.540000000E1,-1.940178571E1,1.608928571E1,1.926469521E2
3.543333333E1,-1.940178571E1,1.608928571E1,2.110930671E2
3.546666667E1,-1.940178571E1,1.608928571E1,2.179123291E2
3.550000000E1,-1.940178571E1,1.608928571E1,2.326347093E2
3.553333333E1,-1.940178571E1,1.608928571E1,2.260056006E2
3.556666667E1,-1.940178571E1,1.608928571E1,1.895624952E2
3.560000000E1,-1.940178571E1,1.608928571E1,1.546642652E2
3.563333333E1,-1.940178571E1,1.608928571E1,1.640990575E2
3.566666667E1,-1.940178571E1,1.608928571E1,1.602270064E2
3.570000000E1,-1.940178571E1,1.608928571E1,1.790496134E2
3.573333333E1,-1.940178571E1,1.608928571E1,1.866629872E2
3.576666667E1,-1.940178571E1,1.608928571E1,2.081723195E2
3.580000000E1,-1.940178571E1,1.608928571E1,2.174143131E2
3.583333333E1,-1.940178571E1,1.608928571E1,2.276828115E2
3.586666667E1,-1.940178571E1,1.608928571E1,2.185546070E2
3.590000000E1,-1.940178571E1,1.608928571E1,1.874983546E2
3.593333333E1,-1.940178571E1,1.608928571E1,1.414328147E2
3.596666667E1,-1.940178571E1,1.608928571E1,1.492670383E2
3.600000000E1,-1.940178571E1,1.608928571E1,1.559730831E2
3.603333333E1,-1.940178571E1,1.608928571E1,1.779412684E2
3.606666667E1,-1.940178571E1,1.608928571E1,1.799248690E2
3.610000000E1,-1.940178571E1,1.608928571E1,1.981333003E2
3.613333333E1,-1.940178571E1,1.608928571E1,2.046431470E2
3.616666667E1,-1.940178571E1,1.608928571E1,2.237200192E2
3.620000000E1,-1.940178571E1,1.608928571E1,2.276226901E2
3.623333333E1,-1.940178571E1,1.608928571E1,2.299013259E2
3.626666667E1,-1.940178571E1,1.608928571E1,1.863930831E2
3.630000000E1,-1.940178571E1,1.608928571E1,1.516644728E2
3.633333333E1,-1.940178571E1,1.608928571E1,1.462414217E2
3.636666667E1,-1.940178571E1,1.608928571E1,1.676055367E2
3.640000000E1,-1.940178571E1,1.608928571E1,1.750107636E2
3.643333333E1,-1.940178571E1,1.608928571E1,1.924640671E2
3.646666667E1,-1.940178571E1,1.608928571E1,1.993387508E2
3.650000000E1,-1.940178571E1,1.608928571E1,2.167729010E2
3.653333333E1,-1.940178571E1,1.608928571E1,2.218054281E2
3.656666667E1,-1.940178571E1,1.608928571E1,2.229020032E2
3.660000000E1,-1.940178571E1,1.608928571E1,1.827524888E2
3.663333333E1,-1.940178571E1,1.608928571E1,1.573536262E2
3.666666667E1,-1.940178571E1,1.608928571E1,1.529526358E2
3.670000000E1,-1.940178571E1,1.608928571E1,1.639633514E2
3.673333333E1,-1.940178571E1,1.608928571E1,1.662273195E2
3.676666667E1,-1.940178571E1,1.608928571E1,1.842762620E2
3.680000000E1,-1.940178571E1,1.608928571E1,1.887971502E2
3.683333333E1,-1.940178571E1,1.608928571E1,2.120482843E2
3.686666667E1,-1.940178571E1,1.608928571E1,2.225709681E2
3.690000000E1,-1.940178571E1,1.608928571E1,2.318518051E2
3.693333333E1,-1.940178571E1,1.608928571E1,2.263144281E2
3.696666667E1,-1.940178571E1,1.608928571E1,1.969485974E2
3.700000000E1,-1.940178571E1,1.608928571E1,1.507290511E2
3.703333333E1,-1.940178571E1,1.608928571E1,1.598656166E2
3.706666667E1,-1.940178571E1,1.608928571E1,1.582393674E2
3.710000000E1,-1.940178571E1,1.608928571E1,1.768465942E2
3.713333333E1,-1.940178571E1,1.608928571E1,1.847470735E2
3.716666667E1,-1.940178571E1,1.608928571E1,2.112221118E2
3.720000000E1,-1.940178571E1,1.608928571E1,2.210175879E2
3.723333333E1,-1.940178571E1,1.608928571E1,2.312775016E2
3.726666667E1,-1.940178571E1,1.608928571E1,2.242321022E2
3.730000000E1,-1.940178571E1,1.608928571E1,1.969905591E2
3.733333333E1,-1.940178571E1,1.608928571E1,1.514429297E2
3.736666667E1,-1.940178571E1,1.608928571E1,1.564334313E2
3.740000000E1,-1.940178571E1,1.608928571E1,1.535778435E2
3.743333333E1,-1.940178571E1,1.608928571E1,1.735289649E2
3.746666667E1,-1.940178571E1,1.608928571E1,1.788185367E2
3.750000000E1,-1.940178571E1,1.608928571E1,2.004573035E2
3.753333333E1,-1.940178571E1,1.608928571E1,2.086622109E2
3.756666667E1,-1.940178571E1,1.608928571E1,2.245852812E2
3.760000000E1,-1.940178571E1,1.608928571E1,2.258078403E2
3.763333333E1,-1.940178571E1,1.608928571E1,2.273376933E2
3.766666667E1,-1.940178571E1,1.608928571E1,1.848095623E2
3.770000000E1,-1.940178571E1,1.608928571E1,1.558369233E2
3.773333333E1,-1.940178571E1,1.608928571E1,1.495539649E2
3.776666667E1,-1.940178571E1,1.608928571E1,1.623358914E2
3.780000000E1,-1.940178571E1,1.608928571E1,1.720351693E2
3.783333333E1,-1.940178571E1,1.608928571E1,1.966072812E2
3.786666667E1,-1.940178571E1,1.608928571E1,2.099049649E2
3.790000000E1,-1.940178571E1,1.608928571E1,2.276690799E2
3.793333333E1,-1.940178571E1,1.608928571E1,2.246798371E2
3.796666667E1,-1.940178571E1,1.608928571E1,2.215936422E2
3.800000000E1,-1.940178571E1,1.608928571E1,1.923614409E2
3.803333333E1,-1.940178571E1,1.608928571E1,1.594419936E2
3.806666667E1,-1.940178571E1,1.608928571E1,1.515492620E2
3.810000000E1,-1.940178571E1,1.608928571E1,1.645072173E2
3.813333333E1,-1.940178571E1,1.608928571E1,1.662910128E2
3.816666667E1,-1.940178571E1,1.608928571E1,1.819915016E2
3.820000000E1,-1.940178571E1,1.608928571E1,1.858158179E2
3.823333333E1,-1.940178571E1,1.608928571E1,2.064175080E2
3.826666667E1,-1.940178571E1,1.608928571E1,2.170092396E2
3.830000000E1,-1.940178571E1,1.608928571E1,2.272517029E2
3.833333333E1,-1.940178571E1,1.608928571E1,2.228648211E2
3.836666667E1,-1.940178571E1,1.608928571E1,1.949634856E2
3.840000000E1,-1.940178571E1,1.608928571E1,1.475781629E2
3.843333333E1,-1.940178571E1,1.608928571E1,1.507740192E2
3.846666667E1,-1.940178571E1,1.608928571E1,1.515892971E2
3.850000000E1,-1.940178571E1,1.608928571E1,1.760544888E2
3.853333333E1,-1.940178571E1,1.608928571E1,1.819531214E2
3.856666667E1,-1.940178571E1,1.608928571E1,2.015322524E2
3.860000000E1,-1.940178571E1,1.608928571E1,2.121385272E2
3.863333333E1,-1.940178571E1,1.608928571E1,2.267331470E2
3.866666667E1,-1.940178571E1,1.608928571E1,2.228392652E2
3.870000000E1,-1.940178571E1,1.608928571E1,1.936338371E2
3.873333333E1,-1.940178571E1,1.608928571E1,1.469578051E2
3.876666667E1,-1.940178571E1,1.608928571E1,1.527371981E2
3.880000000E1,-1.940178571E1,1.608928571E1,1.501472109E2
3.883333333E1,-1.940178571E1,1.608928571E1,1.687474121E2
3.886666667E1,-1.940178571E1,1.608928571E1,1.742724665E2
3.890000000E1,-1.940178571E1,1.608928571E1,1.905120128E2
3.893333333E1,-1.940178571E1,1.608928571E1,1.975950032E2
3.896666667E1,-1.940178571E1,1.608928571E1,2.169855974E2
3.900000000E1,-1.940178571E1,1.608928571E1,2.225067508E2
3.903333333E1,-1.940178571E1,1.608928571E1,2.268348083E2
3.906666667E1,-1.940178571E1,1.608928571E1,1.944976422E2
3.910000000E1,-1.940178571E1,1.608928571E1,1.512238882E2
3.913333333E1,-1.940178571E1,1.608928571E1,1.469654824E2
3.916666667E1,-1.940178571E1,1.608928571E1,1.597064505E2
3.920000000E1,-1.940178571E1,1.608928571E1,1.677634760E2
3.923333333E1,-1.940178571E1,1.608928571E1,1.939808754E2
3.926666667E1,-1.940178571E1,1.608928571E1,2.108506709E2
3.930000000E1,-1.940178571E1,1.608928571E1,2.289751597E2
3.933333333E1,-1.940178571E1,1.608928571E1,2.286728818E2
3.936666667E1,-1.940178571E1,1.608928571E1,2.310248882E2
3.940000000E1,-1.940178571E1,1.608928571E1,1.954873706E2
3.943333333E1,-1.940178571E1,1.608928571E1,1.536082428E2
3.946666667E1,-1.940178571E1,1.608928571E1,1.484303930E2
3.950000000E1,-1.940178571E1,1.608928571E1,1.628704409E2
3.953333333E1,-1.940178571E1,1.608928571E1,1.606781182E2
3.956666667E1,-1.940178571E1,1.608928571E1,1.806452109E2
3.960000000E1,-1.940178571E1,1.608928571E1,1.864851629E2
3.963333333E1,-1.940178571E1,1.608928571E1,2.130884888E2
3.966666667E1,-1.940178571E1,1.608928571E1,2.228439808E2
3.970000000E1,-1.940178571E1,1.608928571E1,2.344696326E2
3.973333333E1,-1.940178571E1,1.608928571E1,2.278080351E2
3.976666667E1,-1.940178571E1,1.608928571E1,2.097197636E2
3.980000000E1,-1.940178571E1,1.608928571E1,1.527362332E2
3.983333333E1,-1.940178571E1,1.608928571E1,1.627622588E2
3.986666667E1,-1.940178571E1,1.608928571E1,1.605205367E2
3.990000000E1,-1.940178571E1,1.608928571E1,1.747100671E2
3.993333333E1,-1.940178571E1,1.608928571E1,1.870837668E2
3.996666667E1,-1.940178571E1,1.608928571E1,2.143870958E2
4.000000000E1,-1.940178571E1,1.608928571E1,2.277412332E2
4.003333333E1,-1.940178571E1,1.608928571E1,2.356050990E2
4.006666667E1,-1.940178571E1,1.608928571E1,2.288434601E2
4.010000000E1,-1.940178571E1,1.608928571E1,1.995426901E2
4.013333333E1,-1.940178571E1,1.608928571E1,1.476678562E2
4.016666667E1,-1.940178571E1,1.608928571E1,1.539079073E2
4.020000000E1,-1.940178571E1,1.608928571E1,1.565431342E2
4.023333333E1,-1.940178571E1,1.608928571E1,1.702137093E2
4.026666667E1,-1.940178571E1,1.608928571E1,1.769909617E2
4.030000000E1,-1.940178571E1,1.608928571E1,1.970547220E2
4.033333333E1,-1.940178571E1,1.608928571E1,2.104794984E2
4.036666667E1,-1.940178571E1,1.608928571E1,2.298030032E2
4.040000000E1,-1.940178571E1,1.608928571E1,2.308469585E2
4.043333333E1,-1.940178571E1,1.608928571E1,2.312142843E2
4.046666667E1,-1.940178571E1,1.608928571E1,1.926752524E2
4.050000000E1,-1.940178571E1,1.608928571E1,1.609287540E2
4.053333333E1,-1.940178571E1,1.608928571E1,1.535899968E2
4.056666667E1,-1.940178571E1,1.608928571E1,1.639916070E2
4.060000000E1,-1.940178571E1,1.608928571E1,1.694025623E2
4.063333333E1,-1.940178571E1,1.608928571E1,1.878089233E2
4.066666667E1,-1.940178571E1,1.608928571E1,1.982797540E2
4.070000000E1,-1.940178571E1,1.608928571E1,2.137278498E2
4.073333333E1,-1.940178571E1,1.608928571E1,2.132741789E2
4.076666667E1,-1.940178571E1,1.608928571E1,2.226211406E2
4.080000000E1,-1.940178571E1,1.608928571E1,2.003722971E2
4.083333333E1,-1.940178571E1,1.608928571E1,1.601854377E2
4.086666667E1,-1.940178571E1,1.608928571E1,1.486645240E2
4.090000000E1,-1.940178571E1,1.608928571E1,1.616390511E2
4.093333333E1,-1.940178571E1,1.608928571E1,1.649908403E2
4.096666667E1,-1.940178571E1,1.608928571E1,1.836152875E2
4.100000000E1,-1.940178571E1,1.608928571E1,1.916326486E2
4.103333333E1,-1.940178571E1,1.608928571E1,2.141812748E2
4.106666667E1,-1.940178571E1,1.608928571E1,2.255670639E2
4.110000000E1,-1.940178571E1,1.608928571E1,2.351888722E2
4.113333333E1,-1.940178571E1,1.608928571E1,2.306009073E2
4.116666667E1,-1.940178571E1,1.608928571E1,2.143104537E2
4.120000000E1,-1.940178571E1,1.608928571E1,1.543029968E2
4.123333333E1,-1.940178571E1,1.608928571E1,1.578496390E2
4.126666667E1,-1.940178571E1,1.608928571E1,1.476158179E2
4.130000000E1,-1.940178571E1,1.608928571E1,1.728234441E2
4.133333333E1,-1.940178571E1,1.608928571E1,1.814430447E2
4.136666667E1,-1.940178571E1,1.608928571E1,2.065568594E2
4.140000000E1,-1.940178571E1,1.608928571E1,2.216388850E2
4.143333333E1,-1.940178571E1,1.608928571E1,2.334870319E2
4.146666667E1,-1.940178571E1,1.608928571E1,2.285059010E2
4.150000000E1,-1.940178571E1,1.608928571E1,2.169059233E2
4.153333333E1,-1.940178571E1,1.608928571E1,1.589904824E2
4.156666667E1,-1.940178571E1,1.608928571E1,1.529611981E2
4.160000000E1,-1.940178571E1,1.608928571E1,1.506834824E2
4.163333333E1,-1.940178571E1,1.608928571E1,1.637186166E2
4.166666667E1,-1.940178571E1,1.608928571E1,1.714291246E2
4.170000000E1,-1.940178571E1,1.608928571E1,1.878905176E2
4.173333333E1,-1.940178571E1,1.608928571E1,1.912019968E2
4.176666667E1,-1.940178571E1,1.608928571E1,2.101932939E2
4.180000000E1,-1.940178571E1,1.608928571E1,2.179142971E2
4.183333333E1,-1.940178571E1,1.608928571E1,2.227669329E2
4.186666667E1,-1.940178571E1,1.608928571E1,2.098347125E2
4.190000000E1,-1.940178571E1,1.608928571E1,1.666439744E2
4.193333333E1,-1.940178571E1,1.608928571E1,1.465991502E2
4.196666667E1,-1.940178571E1,1.608928571E1,1.548208275E2
4.200000000E1,-1.940178571E1,1.608928571E1,1.633156901E2
4.203333333E1,-1.940178571E1,1.608928571E1,1.833764952E2
4.206666667E1,-1.940178571E1,1.608928571E1,1.924156869E2
4.210000000E1,-1.940178571E1,1.608928571E1,2.106797859E2
4.213333333E1,-1.940178571E1,1.608928571E1,2.159075080E2
4.216666667E1,-1.940178571E1,1.608928571E1,2.253159105E2
4.220000000E1,-1.940178571E1,1.608928571E1,2.112634185E2
4.223333333E1,-1.940178571E1,1.608928571E1,1.709187955E2
4.226666667E1,-1.940178571E1,1.608928571E1,1.572592396E2
4.230000000E1,-1.940178571E1,1.608928571E1,1.638022236E2
4.233333333E1,-1.940178571E1,1.608928571E1,1.627587732E2
4.236666667E1,-1.940178571E1,1.608928571E1,1.781060351E2
4.240000000E1,-1.940178571E1,1.608928571E1,1.819533131E2
4.243333333E1,-1.940178571E1,1.608928571E1,2.006030479E2
4.246666667E1,-1.940178571E1,1.608928571E1,2.111767220E2
4.250000000E1,-1.940178571E1,1.608928571E1,2.253479744E2
4.253333333E1,-1.940178571E1,1.608928571E1,2.211733706E2
4.256666667E1,-1.940178571E1,1.608928571E1,2.145954505E2
4.260000000E1,-1.940178571E1,1.608928571E1,1.628396230E2
4.263333333E1,-1.940178571E1,1.608928571E1,1.634489617E2
4.266666667E1,-1.940178571E1,1.608928571E1,1.530332013E2
4.270000000E1,-1.940178571E1,1.608928571E1,1.697892971E2
4.273333333E1,-1.940178571E1,1.608928571E1,1.785400831E2
4.276666667E1,-1.940178571E1,1.608928571E1,1.987919233E2
4.280000000E1,-1.940178571E1,1.608928571E1,2.077755463E2
4.283333333E1,-1.940178571E1,1.608928571E1,2.205186230E2
4.286666667E1,-1.940178571E1,1.608928571E1,2.201293131E2
4.290000000E1,-1.940178571E1,1.608928571E1,2.156560990E2
4.293333333E1,-1.940178571E1,1.608928571E1,1.605224153E2
4.296666667E1,-1.940178571E1,1.608928571E1,1.504563450E2
4.300000000E1,-1.940178571E1,1.608928571E1,1.448797125E2
4.303333333E1,-1.940178571E1,1.608928571E1,1.615159521E2
4.306666667E1,-1.940178571E1,1.608928571E1,1.708524217E2
4.310000000E1,-1.940178571E1,1.608928571E1,1.872704665E2
4.313333333E1,-1.940178571E1,1.608928571E1,1.948411853E2
